1126078890.16 0.03125 0.5
1126088820.25 0.0625 0.5
1126111137.41 0.53125 0.5
1126400691.28 0.03125 0.5
1126409334.81 0.125 0.5
1126409536.19 0.1875 0.5
1126409567.5 0.25 0.5
1126409678.81 0.3125 0.5
1126409692.25 0.25 0.5
1126409694.59 0.03125 0.5
1126409723.0 0.4375 0.5
1126409728.41 0.59375 0.5
1126409733.81 0.125 0.5
1126409739.78 0.46875 0.5
1126409745.16 0.65625 0.5
1126409751.09 0.34375 0.5
1126409757.16 0.03125 0.5
1126409765.0 0.75 0.5
1126409771.62 0.0625 0.5
1126409776.81 0.4375 0.5
1126409782.12 0.5 0.5
1126409786.78 0.03125 0.5
1126409792.06 0.625 0.5
1126409797.16 0.90625 0.5
1126409812.34 0.03125 0.5
1126409816.16 0.03125 0.5
1126409819.69 0.0625 0.5
1126409821.38 0.125 0.5
1126409830.62 0.1875 0.5
1126409852.56 0.125 0.5
1126409862.09 0.59375 0.5
1126409881.28 0.53125 0.5
1126409885.88 0.1875 0.5
1126409915.69 0.8125 0.5
1126409921.88 0.6875 0.5
1126409927.5 0.125 0.5
1126409943.5 0.5 0.5
1126409949.03 0.28125 0.5
1126409954.16 0.96875 0.5
1126409966.69 0.25 0.5
1126409968.97 0.03125 0.5
1126409972.47 0.46875 0.5
1126409986.25 0.75 0.5
1126409991.69 0.25 0.5
1126409997.75 0.5 0.5
1126410009.25 0.8125 0.5
1126410013.66 0.40625 0.5
1126425847.44 0.5 0.5
1126558858.84 0.03125 0.5
1126560584.03 0.03125 0.5
1126568717.66 0.03125 0.5
1126571006.34 0.03125 0.5
1126589097.66 0.03125 0.5
1126652226.47 0.03125 0.5
1126664399.34 0.03125 0.5
1126666263.59 0.03125 0.5
1126691333.19 0.25 0.5
1126703027.28 0.03125 0.5
1126733219.31 0.0625 0.5
1126749225.59 0.03125 0.5
1126771414.5 0.0625 0.5
1126771416.47 0.03125 0.5
1126771418.06 0.125 0.5
1126771419.62 0.1875 0.5
1126787866.03 0.03125 0.5
1126787868.28 0.03125 0.5
1126792159.53 0.03125 0.5
1126849860.06 0.25 0.5
1126871113.66 0.03125 0.5
1126924359.03 0.03125 0.5
1126929432.78 0.03125 0.5
1126963845.28 0.65625 0.5
1126986122.09 0.03125 0.5
1126987750.5 0.0625 0.5
1127043016.91 0.03125 0.5
1127072261.53 0.03125 0.5
1127097785.78 0.03125 0.5
1127119708.72 0.03125 0.5
1127130721.66 0.03125 0.5
1127132652.72 0.03125 0.5
1127135243.03 0.09375 0.5
1127172021.0 0.0625 0.5
1127201929.91 0.03125 0.5
1127229609.28 0.03125 0.5
1127229869.88 0.0625 0.5
1127237395.09 0.03125 0.5
1127239026.41 0.03125 0.5
1127271516.12 0.0625 0.5
1127335690.28 0.03125 0.5
1127340786.75 0.125 0.5
1127344499.03 0.03125 0.5
1127345831.34 0.03125 0.5
1127374977.66 0.03125 0.5
1127391600.03 0.03125 0.5
1127409171.84 0.09375 0.5
1127423149.0 0.0625 0.5
1127423154.44 0.5 0.5
1127425534.81 0.1875 0.5
1127436817.38 0.5625 0.5
1127464892.44 0.0625 0.5
1127482996.28 0.03125 0.5
1127506090.69 0.0625 0.5
1127610119.66 0.03125 0.5
1127613323.12 0.0625 0.5
1127620197.28 0.03125 0.5
1127653176.81 0.0625 0.5
1127658896.41 0.53125 0.5
1127688298.22 0.78125 0.5
1127693939.53 0.03125 0.5
1127797778.78 0.03125 0.5
1127808657.97 0.15625 0.5
1127808807.69 0.1875 0.5
1127808839.94 0.1875 0.5
1127808957.59 0.09375 0.5
1127809145.16 0.40625 0.5
1127809175.5 0.1875 0.5
1127809263.19 0.1875 0.5
1127812305.25 0.0625 0.5
1127824213.66 0.03125 0.5
1127833913.12 0.3125 0.5
1127902827.28 0.03125 0.5
1127902829.66 0.03125 0.5
1127902836.66 0.03125 0.5
1127902845.91 0.03125 0.5
1127902847.53 0.09375 0.5
1127902851.03 0.34375 0.5
1127902852.94 0.125 0.5
1127913231.94 0.0625 0.5
1127978194.78 0.03125 0.5
1127979779.84 0.03125 0.5
1127980116.09 0.03125 0.5
1128005354.03 0.03125 0.5
1128037348.0 0.25 0.5
1128050338.16 0.03125 0.5
1128050343.16 0.03125 0.5
1128214437.41 0.40625 0.5
1128223464.53 0.03125 0.5
1128238560.0 0.0625 0.5
1128285169.41 0.03125 0.5
1128286085.09 0.03125 0.5
1128438177.09 0.03125 0.5
1128467812.28 0.03125 0.5
1128490116.28 0.03125 0.5
1128592846.84 0.03125 0.5
1128625542.22 0.03125 0.5
1128668951.53 0.03125 0.5
1128706639.03 0.03125 0.5
1128737296.09 0.03125 0.5
1128740948.56 0.0625 0.5
1128740953.56 0.0625 0.5
1128814473.88 0.0625 0.5
1128873669.16 0.03125 0.5
1128930910.41 0.03125 0.5
1128946257.53 0.03125 0.5
1128996557.28 0.03125 0.5
1129000451.56 0.0625 0.5
1129031139.88 0.0625 0.5
1129052628.47 0.46875 0.5
1129072862.28 0.03125 0.5
1129083768.66 0.03125 0.5
1129248060.62 0.0625 0.5
1129291173.81 0.0625 0.5
1129312919.38 0.5625 0.5
1129489148.44 0.5 0.5
1129518632.69 0.0625 0.5
1129566061.25 0.6875 0.5
1129628855.91 0.03125 0.5
1129648546.28 0.65625 0.5
1129683478.97 0.03125 0.5
1129683554.47 0.03125 0.5
1129776760.44 0.5 0.5
1129798122.97 0.03125 0.5
1129820507.44 0.5 0.5
1130058746.16 0.03125 0.5
1130131084.22 0.03125 0.5
1130146718.91 0.03125 0.5
1130185133.78 0.03125 0.5
1130192280.03 0.03125 0.5
1130219023.66 0.03125 0.5
1130232661.53 0.03125 0.5
1130244721.22 0.03125 0.5
1130252511.0 0.0625 0.5
1130276276.34 0.03125 0.5
1130313752.06 0.75 0.5
1130313764.03 1.09375 0.5
1130313779.47 0.03125 0.5
1130313791.25 0.0625 0.5
1130313827.06 0.875 0.5
1130332571.38 0.0625 0.5
1130335752.72 0.03125 0.5
1130415039.81 0.1875 0.5
1130427514.28 0.03125 0.5
1130489317.47 0.46875 0.5
1130509106.84 0.03125 0.5
1130544595.66 0.03125 0.5
1130555890.16 0.03125 0.5
1130573731.78 0.03125 0.5
1130576083.91 0.03125 0.5
1130590996.47 0.03125 0.5
1130634260.34 0.03125 0.5
1130689854.41 0.03125 0.5
1130694549.97 0.03125 0.5
1130705776.53 0.03125 0.5
1130713387.38 0.0625 0.5
1130716091.97 0.03125 0.5
1130766692.22 0.03125 0.5
1130795340.69 0.0625 0.5
1130795345.69 0.0625 0.5
1130796606.53 0.03125 0.5
1130801137.66 0.03125 0.5
1130845132.34 0.03125 0.5
1130870169.22 0.03125 0.5
1130916246.34 0.59375 0.5
1131165065.22 0.03125 0.5
1131169100.84 0.03125 0.5
1131189005.47 0.03125 0.5
1131280071.41 0.53125 0.5
1131312972.22 0.03125 0.5
1131342976.94 0.625 0.5
1131343133.12 0.5625 0.5
1131343138.41 0.65625 0.5
1131343149.53 0.40625 0.5
1131343155.06 0.0625 0.5
1131343174.22 0.46875 0.5
1131343179.38 0.25 0.5
1131343205.91 0.65625 0.5
1131343218.41 0.03125 0.5
1131343243.62 0.125 0.5
1131343261.03 0.65625 0.5
1131343292.0 0.75 0.5
1131343296.94 0.8125 0.5
1131343302.0 0.6875 0.5
1131343306.66 1.15625 0.5
1131343312.31 0.25 0.5
1131343317.47 0.65625 0.5
1131343334.94 0.5625 0.5
1131343340.12 0.5 0.5
1131343345.72 0.09375 0.5
1131343350.34 0.03125 0.5
1131343355.16 0.21875 0.5
1131343359.88 0.375 0.5
1131343364.38 0.6875 0.5
1131343370.22 0.46875 0.5
1131343375.5 0.4375 0.5
1131343380.19 0.5 0.5
1131343385.72 0.46875 0.5
1131343390.84 0.34375 0.5
1131343397.47 0.59375 0.5
1131343402.88 0.125 0.5
1131343417.84 0.21875 0.5
1131343422.16 0.71875 0.5
1131343426.88 0.5625 0.5
1131343431.75 0.4375 0.5
1131343440.97 0.84375 0.5
1131343445.53 1.03125 0.5
1131343450.28 0.65625 0.5
1131471800.12 0.0625 0.5
1131542803.06 0.0625 0.5
1131557243.22 0.03125 0.5
1131616327.84 0.03125 0.5
1131616330.09 0.84375 0.5
1131655097.34 0.03125 0.5
1131658057.28 0.03125 0.5
1131703453.34 0.03125 0.5
1131725313.25 0.0625 0.5
1131748460.84 0.03125 0.5
1131750288.72 0.03125 0.5
1131758190.91 0.03125 0.5
1131772336.44 0.5 0.5
1132034111.66 0.03125 0.5
1132035891.16 0.09375 0.5
1132080823.56 0.0625 0.5
1132126154.16 0.03125 0.5
1132261499.38 0.0625 0.5
1132261505.12 0.8125 0.5
1132270078.97 0.03125 0.5
1132294401.06 0.0625 0.5
1132398697.41 0.03125 0.5
1132435386.38 0.5625 0.5
1132535603.31 0.625 0.5
1132549220.41 0.03125 0.5
1132552486.19 0.1875 0.5
1132615535.28 0.21875 0.5
1132624186.72 0.03125 0.5
1132635811.16 0.03125 0.5
1132649602.12 0.0625 0.5
1132649607.09 0.03125 0.5
1132674953.41 0.53125 0.5
1132683757.44 0.5 0.5
1132713474.72 0.03125 0.5
1132723844.78 0.03125 0.5
1132727682.62 0.75 0.5
1132747015.72 0.03125 0.5
1132756373.59 0.03125 0.5
1132765312.34 0.03125 0.5
1132780519.22 0.03125 0.5
1132797097.28 0.03125 0.5
1132815077.66 0.53125 0.5
1132860676.31 0.25 0.5
1132877197.72 0.03125 0.5
1132892266.16 0.03125 0.5
1132897618.09 0.03125 0.5
1132901682.22 0.03125 0.5
1132931941.5 0.0625 0.5
1132932414.91 0.03125 0.5
1132963892.22 0.03125 0.5
1133059829.59 0.09375 0.5
1133093667.16 0.03125 0.5
1133135337.72 0.03125 0.5
1133163853.72 0.03125 0.5
1133179674.66 0.03125 0.5
1133266289.28 0.03125 0.5
1133300476.91 0.03125 0.5
1133301501.56 0.0625 0.5
1133336811.16 0.03125 0.5
1133349540.44 0.5 0.5
1133446271.59 0.03125 0.5
1133478087.97 0.03125 0.5
1133494313.22 0.03125 0.5
1133502267.31 0.0625 0.5
1133603437.16 0.03125 0.5
1133604695.81 0.0625 0.5
1133617331.91 0.03125 0.5
1133655452.59 0.21875 0.5
1133733607.09 0.03125 0.5
1133781148.41 0.03125 0.5
1133837321.59 0.03125 0.5
1133888869.16 0.28125 0.5
1133917593.16 0.03125 0.5
1133947314.12 0.0625 0.5
1134005181.53 0.03125 0.5
1134011326.34 0.03125 0.5
1134018839.41 0.53125 0.5
1134158521.97 0.03125 0.5
1134187644.16 0.03125 0.5
1134265761.09 0.03125 0.5
1134323968.22 0.03125 0.5
1134393461.53 0.03125 0.5
1134447809.78 0.03125 0.5
1134456038.47 0.03125 0.5
1134471850.84 0.03125 0.5
1134475292.84 0.03125 0.5
1134476350.78 0.03125 0.5
1134506056.28 0.21875 0.5
1134529420.41 0.53125 0.5
1134572204.66 0.03125 0.5
1134580833.59 0.03125 0.5
1134583512.22 0.03125 0.5
1134636085.66 0.03125 0.5
1134781881.28 0.03125 0.5
1134874938.53 0.03125 0.5
1135024278.41 0.53125 0.5
1135044939.28 0.03125 0.5
1135066552.22 0.03125 0.5
1135103044.62 0.0625 0.5
1135103159.16 0.09375 0.5
1135145506.16 0.03125 0.5
1135148969.91 0.03125 0.5
1135150263.91 0.03125 0.5
1135177207.53 0.03125 0.5
1135209411.41 0.03125 0.5
1135210721.97 0.03125 0.5
1135258821.53 0.03125 0.5
1135267002.34 0.03125 0.5
1135268643.78 0.03125 0.5
1135271486.56 0.375 0.5
1135484011.03 0.03125 0.5
1135522609.78 0.03125 0.5
1135538052.84 0.03125 0.5
1135541335.03 0.03125 0.5
1135552142.91 0.03125 0.5
1135586793.97 0.03125 0.5
1135594918.44 0.5 0.5
1135643710.78 0.03125 0.5
1135665509.41 0.53125 0.5
1135719082.91 0.21875 0.5
1135731499.91 0.03125 0.5
1135731662.03 0.03125 0.5
1135737006.28 0.03125 0.5
1135783298.22 0.03125 0.5
1135790641.97 0.03125 0.5
1135847011.16 0.03125 0.5
1135853348.66 0.03125 0.5
1135859692.78 0.03125 0.5
1135876432.72 0.03125 0.5
1135876903.44 0.0625 0.5
1136106224.56 0.0625 0.5
1136196230.31 0.0625 0.5
1136267178.34 0.03125 0.5
1136275380.84 0.03125 0.5
1136295891.25 0.6875 0.5
1136469535.19 0.125 0.5
1136601545.41 0.03125 0.5
1136607254.31 0.0625 0.5
1136612131.47 0.03125 0.5
1136622324.28 0.03125 0.5
1136631887.34 0.03125 0.5
1136695707.03 0.03125 0.5
1136698191.94 0.0625 0.5
1136956030.25 0.6875 0.5
1137218923.28 0.03125 0.5
1137242239.09 0.03125 0.5
1137245022.31 0.0625 0.5
