1163228835.72 0.03125 0.5
1163285263.41 0.03125 0.5
1163285585.88 0.0625 0.5
1163291048.72 0.03125 0.5
1163294339.5 0.4375 0.5
1163334292.5 0.4375 0.5
1163343429.62 0.3125 0.5
1163352770.41 0.53125 0.5
1163367077.56 0.375 0.5
1163371351.91 0.03125 0.5
1163379872.59 0.34375 0.5
1163386211.5 0.4375 0.5
1163450310.59 0.34375 0.5
1163454641.81 0.125 0.5
1163464098.72 0.21875 0.5
1163480726.34 0.03125 0.5
1163488722.16 0.03125 0.5
1163507974.97 0.03125 0.5
1163508134.81 0.125 0.5
1163513951.72 0.21875 0.5
1163518529.88 0.0625 0.5
1163521956.91 0.03125 0.5
1163529866.53 0.09375 0.5
1163529902.69 0.25 0.5
1163562148.78 0.15625 0.5
1163650964.53 0.03125 0.5
1163666495.53 0.40625 0.5
1163675196.72 0.21875 0.5
1163679380.88 0.0625 0.5
1163688162.75 0.1875 0.5
1163711316.75 0.1875 0.5
1163741531.16 0.03125 0.5
1163748607.09 0.03125 0.5
1163753076.59 0.03125 0.5
1163758013.62 0.3125 0.5
1163775538.34 0.59375 0.5
1163782553.88 0.0625 0.5
1163789799.66 0.03125 0.5
1163798032.72 0.21875 0.5
1163855599.91 0.03125 0.5
1163861486.91 0.03125 0.5
1164188139.72 0.03125 0.5
1164190705.78 0.15625 0.5
1164207786.59 0.03125 0.5
1164247911.41 0.03125 0.5
1164248536.56 0.375 0.5
1164268555.34 0.03125 0.5
1164282639.53 0.03125 0.5
1164284914.56 0.0625 0.5
1164295544.62 0.0625 0.5
1164304699.84 0.03125 0.5
1164343933.84 0.09375 0.5
1164349986.22 0.03125 0.5
1164350192.72 0.03125 0.5
1164360976.88 0.0625 0.5
1164374169.69 0.25 0.5
1164537640.78 0.15625 0.5
1164612422.53 0.03125 0.5
1164616197.81 0.125 0.5
1164667799.66 0.28125 0.5
1164699390.47 0.03125 0.5
1164719581.59 0.03125 0.5
1164740203.72 0.21875 0.5
1164742214.44 0.5 0.5
1164749869.84 0.09375 0.5
1164774480.22 0.03125 0.5
1164774491.16 0.03125 0.5
1164774692.19 0.0625 0.5
1164774735.22 0.03125 0.5
1164774832.84 0.03125 0.5
1164774929.53 0.03125 0.5
1164775021.03 0.03125 0.5
1164775067.91 0.03125 0.5
1164775069.88 0.0625 0.5
1164775084.94 0.3125 0.5
1164775122.53 0.03125 0.5
1164775126.38 0.0625 0.5
1164775130.25 0.0625 0.5
1164775131.59 0.03125 0.5
1164775133.47 0.03125 0.5
1164775177.12 0.0625 0.5
1164775220.16 0.03125 0.5
1164775222.06 0.0625 0.5
1164775229.22 0.03125 0.5
1164775234.97 0.03125 0.5
1164775274.75 0.0625 0.5
1164775282.16 0.34375 0.5
1164775287.66 0.03125 0.5
1164775315.84 0.03125 0.5
1164775317.81 0.0625 0.5
1164775319.72 0.03125 0.5
1164775325.5 0.0625 0.5
1164775328.75 0.0625 0.5
1164775331.28 0.03125 0.5
1164775332.88 0.3125 0.5
1164775365.28 0.03125 0.5
1164775374.28 0.03125 0.5
1164775378.16 0.03125 0.5
1164775381.69 0.3125 0.5
1164775385.56 0.3125 0.5
1164775417.91 0.03125 0.5
1164775421.19 0.0625 0.5
1164775423.12 0.0625 0.5
1164775428.59 0.34375 0.5
1164775434.09 0.03125 0.5
1164775468.38 0.3125 0.5
1164775470.03 0.03125 0.5
1164775471.94 0.0625 0.5
1164775473.88 0.0625 0.5
1164775479.34 0.34375 0.5
1164775486.78 0.03125 0.5
1164775514.97 0.03125 0.5
1164775517.53 0.03125 0.5
1164775518.84 0.09375 0.5
1164775522.69 0.0625 0.5
1164775525.91 0.03125 0.5
1164775529.78 0.03125 0.5
1164775533.94 0.3125 0.5
1164775549.03 0.03125 0.5
1164775564.09 0.34375 0.5
1164775571.78 0.34375 0.5
1164775582.75 0.3125 0.5
1164775586.59 0.34375 0.5
1164775590.16 0.03125 0.5
1164775614.84 0.34375 0.5
1164775616.47 0.03125 0.5
1164775622.25 0.0625 0.5
1164775627.72 0.34375 0.5
1164775656.28 0.03125 0.5
1164775660.12 0.0625 0.5
1164775665.28 0.09375 0.5
1164775667.81 0.0625 0.5
1164775671.06 0.0625 0.5
1164775674.91 0.09375 0.5
1164775676.56 0.375 0.5
1164775678.47 0.34375 0.5
1164775680.41 0.34375 0.5
1164775695.47 0.03125 0.5
1164775708.94 0.0625 0.5
1164775714.69 0.0625 0.5
1164775718.25 0.3125 0.5
1164775720.19 0.375 0.5
1164775727.56 0.0625 0.5
1164775731.12 0.375 0.5
1164775738.53 0.03125 0.5
1164775763.5 0.0625 0.5
1164775765.12 0.375 0.5
1164775767.41 0.03125 0.5
1164775770.91 0.34375 0.5
1164775772.81 0.375 0.5
1164775774.47 0.03125 0.5
1164775782.19 0.0625 0.5
1164775786.03 0.03125 0.5
1164775817.81 0.375 0.5
1164775821.38 0.0625 0.5
1164775823.0 0.375 0.5
1164775825.22 0.09375 0.5
1164775828.78 0.34375 0.5
1164775832.94 0.0625 0.5
1164775836.78 0.03125 0.5
1164775851.53 0.03125 0.5
1164775855.41 0.03125 0.5
1164775857.28 0.03125 0.5
1164775858.62 0.0625 0.5
1164775863.09 0.03125 0.5
1164775866.62 0.375 0.5
1164775870.16 0.09375 0.5
1164775874.31 0.375 0.5
1164775879.19 0.0625 0.5
1164775881.72 0.09375 0.5
1164775885.56 0.0625 0.5
1164775900.34 0.03125 0.5
1164775908.03 0.03125 0.5
1164775911.59 0.34375 0.5
1164775913.22 0.03125 0.5
1164775915.72 0.03125 0.5
1164775921.22 0.34375 0.5
1164775925.72 1.03125 0.5
1164775928.34 0.34375 0.5
1164775932.47 0.03125 0.5
1164775943.41 0.03125 0.5
1164775951.09 0.03125 0.5
1164775956.88 0.0625 0.5
1164775958.53 0.34375 0.5
1164775962.62 0.0625 0.5
1164775966.19 0.375 0.5
1164775968.09 0.34375 0.5
1164775970.06 0.375 0.5
1164775974.19 0.0625 0.5
1164775978.78 0.03125 0.5
1164775983.19 0.0625 0.5
1164775987.03 0.03125 0.5
1164776001.84 0.03125 0.5
1164776005.69 0.0625 0.5
1164776011.16 0.34375 0.5
1164776019.16 0.03125 0.5
1164776020.47 0.03125 0.5
1164776022.41 0.65625 0.5
1164776028.47 0.34375 0.5
1164776030.09 0.09375 0.5
1164776031.72 0.34375 0.5
1164776035.28 0.03125 0.5
1164776050.66 0.03125 0.5
1164776054.5 0.0625 0.5
1164776058.62 0.3125 0.5
1164776063.12 1.0 0.5
1164776065.75 0.375 0.5
1164776069.91 0.03125 0.5
1164776074.38 1.3125 0.5
1164776078.28 0.71875 0.5
1164776082.78 0.03125 0.5
1164776084.69 0.0625 0.5
1164776092.38 0.0625 0.5
1164776101.69 0.3125 0.5
1164776103.31 0.0625 0.5
1164776107.16 0.03125 0.5
1164776109.78 0.71875 0.5
1164776112.97 0.03125 0.5
1164776114.25 0.0625 0.5
1164776118.41 0.40625 0.5
1164776122.25 0.375 0.5
1164776124.19 0.375 0.5
1164776126.12 0.375 0.5
1164776129.69 0.0625 0.5
1164776139.28 0.03125 0.5
1164776143.09 0.03125 0.5
1164776144.47 0.03125 0.5
1164776150.19 0.0625 0.5
1164776154.34 0.34375 0.5
1164776158.16 0.34375 0.5
1164776160.81 1.0625 0.5
1164776163.69 0.0625 0.5
1164776165.31 0.375 0.5
1164776167.22 0.40625 0.5
1164776169.16 0.40625 0.5
1164776171.06 0.375 0.5
1164776173.0 0.375 0.5
1164776174.91 0.34375 0.5
1164776176.56 0.0625 0.5
1164776179.19 1.3125 0.5
1164776182.31 0.0625 0.5
1164776183.66 0.03125 0.5
1164776188.12 0.0625 0.5
1164776191.66 0.34375 0.5
1164776199.06 0.0625 0.5
1164776208.62 0.0625 0.5
1164776211.22 0.71875 0.5
1164776216.06 0.375 0.5
1164776218.25 0.0625 0.5
1164776220.25 0.6875 0.5
1164776223.47 0.09375 0.5
1164776225.38 0.0625 0.5
1164776228.28 1.03125 0.5
1164776232.78 0.34375 0.5
1164776248.44 0.0625 0.5
1164776250.03 0.34375 0.5
1164776251.72 0.03125 0.5
1164776253.94 0.375 0.5
1164776255.53 0.03125 0.5
1164776258.41 1.03125 0.5
1164776266.81 0.375 0.5
1164776270.66 0.34375 0.5
1164776274.5 0.375 0.5
1164776276.41 0.34375 0.5
1164776278.34 0.34375 0.5
1164776282.16 0.34375 0.5
1164776293.41 0.03125 0.5
1164776295.06 0.3125 0.5
1164776298.88 0.3125 0.5
1164776300.5 0.0625 0.5
1164776304.38 0.0625 0.5
1164776306.28 0.03125 0.5
1164776308.53 0.34375 0.5
1164776311.75 0.375 0.5
1164776313.97 0.09375 0.5
1164776315.91 0.65625 0.5
1164776321.38 0.375 0.5
1164776325.22 0.34375 0.5
1164776328.47 0.34375 0.5
1164776332.62 0.0625 0.5
1164776340.34 0.03125 0.5
1164776345.5 0.0625 0.5
1164776351.91 0.03125 0.5
1164776353.47 0.34375 0.5
1164776355.34 0.34375 0.5
1164776358.28 1.34375 0.5
1164776366.31 0.375 0.5
1164776368.28 0.40625 0.5
1164776370.19 0.375 0.5
1164776379.5 0.0625 0.5
1164776385.28 0.09375 0.5
1164776386.94 0.375 0.5
1164776388.84 0.34375 0.5
1164776392.66 0.34375 0.5
1164776400.66 0.03125 0.5
1164776403.25 1.3125 0.5
1164776406.12 0.375 0.5
1164776407.78 0.03125 0.5
1164776410.62 1.0 0.5
1164776414.53 1.03125 0.5
1164776418.06 1.375 0.5
1164776420.97 0.40625 0.5
1164776426.41 0.09375 0.5
1164776430.53 0.34375 0.5
1164776434.12 0.0625 0.5
1164776437.66 0.34375 0.5
1164776441.78 0.03125 0.5
1164776445.62 0.0625 0.5
1164776449.5 0.0625 0.5
1164776453.03 0.34375 0.5
1164776457.25 0.6875 0.5
1164776468.78 0.71875 0.5
1164776473.62 0.375 0.5
1164776476.5 0.75 0.5
1164776481.0 0.0625 0.5
1164776484.56 0.375 0.5
1164776488.38 0.3125 0.5
1164776496.12 0.375 0.5
1164776500.22 0.03125 0.5
1164776501.56 0.0625 0.5
1164776504.06 0.0625 0.5
1164776508.97 0.34375 0.5
1164776519.56 1.3125 0.5
1164776522.44 0.375 0.5
1164776526.59 0.03125 0.5
1164776535.59 0.03125 0.5
1164776537.5 0.0625 0.5
1164776539.41 0.03125 0.5
1164776546.53 0.09375 0.5
1164776550.66 0.34375 0.5
1164776552.88 0.0625 0.5
1164776554.5 0.375 0.5
1164776558.09 0.09375 0.5
1164776562.84 1.03125 0.5
1164776566.41 0.71875 0.5
1164776569.34 0.40625 0.5
1164776573.47 0.03125 0.5
1164776578.94 0.375 0.5
1164776582.5 0.0625 0.5
1164776586.31 0.0625 0.5
1164776592.09 0.03125 0.5
1164776595.66 0.34375 0.5
1164776599.53 0.34375 0.5
1164776601.44 0.375 0.5
1164776605.25 0.375 0.5
1164776618.12 0.375 0.5
1164776621.06 1.3125 0.5
1164776623.91 0.40625 0.5
1164776627.47 0.09375 0.5
1164776637.06 0.0625 0.5
1164776642.81 0.0625 0.5
1164776646.69 0.0625 0.5
1164776648.0 0.0625 0.5
1164776650.5 0.0625 0.5
1164776652.12 0.375 0.5
1164776654.06 0.375 0.5
1164776655.72 0.09375 0.5
1164776657.62 0.0625 0.5
1164776662.19 1.3125 0.5
1164776665.0 0.375 0.5
1164776667.25 0.6875 0.5
1164776671.09 0.09375 0.5
1164776672.69 0.375 0.5
1164776691.62 0.0625 0.5
1164776693.25 0.3125 0.5
1164776695.22 0.34375 0.5
1164776697.41 0.09375 0.5
1164776719.91 0.03125 0.5
1164776727.31 0.3125 0.5
1164776730.88 0.0625 0.5
1164776735.0 0.3125 0.5
1164776755.56 0.375 0.5
1164776757.47 0.34375 0.5
1164776766.81 0.0625 0.5
1164776768.44 0.375 0.5
1164776771.31 1.3125 0.5
1164776774.47 0.03125 0.5
1164776776.12 0.375 0.5
1164776781.59 0.03125 0.5
1164776783.5 0.0625 0.5
1164776795.06 0.0625 0.5
1164776797.0 0.0625 0.5
1164776800.53 0.34375 0.5
1164776813.03 1.34375 0.5
1164776815.62 0.0625 0.5
1164776818.5 1.0 0.5
1164776821.41 0.09375 0.5
1164776823.0 0.375 0.5
1164776824.66 0.03125 0.5
1164776836.19 0.0625 0.5
1164776838.09 0.03125 0.5
1164776840.03 0.09375 0.5
1164776843.88 0.0625 0.5
1164776855.75 0.375 0.5
1164776859.0 0.375 0.5
1164776868.31 0.0625 0.5
1164776870.22 0.03125 0.5
1164776871.53 0.03125 0.5
1164776875.41 0.03125 0.5
1164776879.56 0.375 0.5
1164776883.06 0.0625 0.5
1164776896.53 0.03125 0.5
1164776898.16 0.34375 0.5
1164776900.38 0.0625 0.5
1164776902.31 0.0625 0.5
1164776903.94 0.375 0.5
1164776905.84 0.34375 0.5
1164776907.78 0.34375 0.5
1164776911.34 0.03125 0.5
1164776913.28 0.03125 0.5
1164776914.91 0.34375 0.5
1164776919.03 0.09375 0.5
1164776922.91 0.65625 0.5
1164776926.72 0.03125 0.5
1164776935.72 0.03125 0.5
1164776939.59 0.03125 0.5
1164776945.34 0.03125 0.5
1164776947.28 0.03125 0.5
1164776956.31 0.0625 0.5
1164776959.5 0.6875 0.5
1164776963.34 1.34375 0.5
1164776969.75 0.0625 0.5
1164776977.19 0.3125 0.5
1164776980.72 0.03125 0.5
1164776982.94 0.375 0.5
1164776986.78 0.34375 0.5
1164776998.03 0.03125 0.5
1164777001.56 0.375 0.5
1164777003.5 0.375 0.5
1164777007.62 0.0625 0.5
1164777008.94 0.0625 0.5
1164777013.09 0.34375 0.5
1164777016.38 0.3125 0.5
1164777020.22 0.34375 0.5
1164777024.38 0.0625 0.5
1164777025.69 0.0625 0.5
1164777029.81 0.3125 0.5
1164777041.09 0.03125 0.5
1164777042.72 0.34375 0.5
1164777044.66 0.34375 0.5
1164777048.5 0.3125 0.5
1164777050.69 0.0625 0.5
1164777052.28 0.34375 0.5
1164777058.09 0.34375 0.5
1164777059.72 0.09375 0.5
1164777068.09 1.34375 0.5
1164777082.22 0.03125 0.5
1164777086.34 0.34375 0.5
1164777089.91 0.03125 0.5
1164777099.53 0.03125 0.5
1164777104.97 0.34375 0.5
1164777110.75 0.375 0.5
1164777114.56 0.375 0.5
1164777116.19 0.0625 0.5
1164777118.16 0.03125 0.5
1164777120.06 0.0625 0.5
1164777125.56 0.375 0.5
1164777127.5 0.375 0.5
1164777129.38 0.375 0.5
1164777131.31 0.375 0.5
1164777148.31 0.0625 0.5
1164777149.94 0.375 0.5
1164777152.16 0.09375 0.5
1164777153.78 0.40625 0.5
1164777163.12 0.0625 0.5
1164777164.75 0.375 0.5
1164777166.97 0.03125 0.5
1164777168.59 0.40625 0.5
1164777172.44 0.375 0.5
1164777174.34 0.34375 0.5
1164777185.59 0.03125 0.5
1164777187.53 0.03125 0.5
1164777189.47 0.09375 0.5
1164777191.38 0.0625 0.5
1164777195.22 0.03125 0.5
1164777199.03 0.03125 0.5
1164777206.19 0.0625 0.5
1164777210.28 0.34375 0.5
1164777213.44 1.0 0.5
1164777217.41 0.34375 0.5
1164777221.56 0.0625 0.5
1164777226.75 0.0625 0.5
1164777230.91 0.34375 0.5
1164777234.44 0.0625 0.5
1164777251.12 0.0625 0.5
1164777254.97 0.09375 0.5
1164777258.81 0.0625 0.5
1164777266.53 0.09375 0.5
1164777270.38 0.0625 0.5
1164777271.72 0.09375 0.5
1164777274.25 0.0625 0.5
1164777275.84 0.34375 0.5
1164777279.38 0.0625 0.5
1164777292.88 0.0625 0.5
1164777296.72 0.03125 0.5
1164777298.59 0.09375 0.5
1164777304.38 0.0625 0.5
1164777309.56 0.0625 0.5
1164777333.97 0.03125 0.5
1164777337.81 0.0625 0.5
1164777341.66 0.03125 0.5
1164777353.22 0.03125 0.5
1164777354.56 0.0625 0.5
1164777358.97 0.03125 0.5
1164777360.59 0.40625 0.5
1164777362.53 0.40625 0.5
1164777364.44 0.375 0.5
1164777369.94 0.0625 0.5
1164777371.59 0.34375 0.5
1164777373.47 0.34375 0.5
1164777377.34 0.34375 0.5
1164777379.25 0.375 0.5
1164777384.72 0.03125 0.5
1164777394.34 0.03125 0.5
1164777396.25 0.0625 0.5
1164777397.91 0.34375 0.5
1164777400.78 1.34375 0.5
1164777413.0 0.0625 0.5
1164777420.03 0.71875 0.5
1164777423.25 1.3125 0.5
1164777435.47 0.09375 0.5
1164777439.31 0.0625 0.5
1164777445.06 0.0625 0.5
1164777447.0 0.0625 0.5
1164777458.53 0.03125 0.5
1164777459.88 0.0625 0.5
1164777465.91 0.34375 0.5
1164777467.88 0.3125 0.5
1164777477.19 0.0625 0.5
1164777478.53 0.09375 0.5
1164777482.38 0.0625 0.5
1164777484.25 0.0625 0.5
1164777503.22 0.34375 0.5
1164777505.47 0.03125 0.5
1164777507.06 0.375 0.5
1164777514.78 0.34375 0.5
1164777519.28 1.03125 0.5
1164777523.78 0.34375 0.5
1164777525.41 0.03125 0.5
1164777527.94 0.0625 0.5
1164777540.78 0.03125 0.5
1164777542.72 0.09375 0.5
1164777557.53 0.03125 0.5
1164777559.72 0.34375 0.5
1164777561.62 0.375 0.5
1164777563.28 0.03125 0.5
1164777565.53 0.34375 0.5
1164777570.0 1.0625 0.5
1164777572.59 0.34375 0.5
1164777574.84 0.03125 0.5
1164777581.94 0.0625 0.5
1164777584.12 0.3125 0.5
1164777588.28 0.03125 0.5
1164777593.41 0.03125 0.5
1164777601.12 0.0625 0.5
1164777604.69 0.375 0.5
1164777608.56 0.375 0.5
1164777613.03 0.40625 0.5
1164777621.41 0.34375 0.5
1164777624.97 0.03125 0.5
1164777629.12 0.375 0.5
1164777631.0 0.375 0.5
1164777633.22 0.03125 0.5
1164777642.25 0.0625 0.5
1164777644.22 0.03125 0.5
1164777648.06 0.625 0.5
1164777655.69 0.0625 0.5
1164777657.66 0.03125 0.5
1164777661.19 0.3125 0.5
1164777663.16 0.34375 0.5
1164777668.59 0.09375 0.5
1164777671.5 1.0 0.5
1164777676.28 0.03125 0.5
1164777691.38 0.375 0.5
1164777693.0 0.0625 0.5
1164777694.91 0.03125 0.5
1164777696.84 0.03125 0.5
1164777704.53 0.03125 0.5
1164777734.69 0.0625 0.5
1164777751.44 0.0625 0.5
1164777757.16 0.03125 0.5
1164782131.84 0.09375 0.5
1164785276.09 0.03125 0.5
1164785303.81 0.375 0.5
1164785306.56 0.0625 0.5
1164785310.94 0.0625 0.5
1164785315.31 0.625 0.5
1164785317.81 0.0625 0.5
1164793477.84 0.09375 0.5
1164800596.66 0.34375 0.5
1164800610.66 0.84375 0.5
1164800625.19 1.4375 0.5
1164800638.47 0.46875 0.5
1164800697.88 1.1875 0.5
1164804887.34 0.03125 0.5
1164812490.88 0.0625 0.5
1164817494.25 0.0625 0.5
1164818181.91 0.03125 0.5
1164826378.41 0.53125 0.5
1164833252.41 0.03125 0.5
1164833258.28 0.65625 0.5
1165036143.5 0.4375 0.5
1165092170.78 0.15625 0.5
1165096259.91 0.03125 0.5
1165122933.09 0.03125 0.5
1165136319.56 0.375 0.5
1165140892.59 0.09375 0.5
1165170264.5 0.0625 0.5
1165184642.88 0.0625 0.5
1165197635.59 0.34375 0.5
1165227392.84 0.09375 0.5
1165236157.34 0.03125 0.5
1165240616.56 0.375 0.5
1165302023.69 0.25 0.5
1165309753.72 0.21875 0.5
1165340980.28 0.03125 0.5
1165343065.88 0.0625 0.5
1165345852.78 0.15625 0.5
1165405201.72 0.03125 0.5
1165413997.22 0.03125 0.5
1165415149.66 0.03125 0.5
1165416477.75 0.1875 0.5
1165445046.75 0.1875 0.5
1165456311.78 0.15625 0.5
1165462288.38 0.5625 0.5
1165465528.66 0.28125 0.5
1165472903.16 0.03125 0.5
1165473450.69 0.25 0.5
1165486469.56 0.375 0.5
1165497600.06 0.0625 0.5
1165497602.0 0.0625 0.5
1165497607.19 0.0625 0.5
1165497614.03 0.34375 0.5
1165497615.69 0.0625 0.5
1165497617.62 0.0625 0.5
1165497619.25 0.375 0.5
1165497621.19 0.375 0.5
1165497622.81 0.0625 0.5
1165497626.41 0.34375 0.5
1165497628.0 0.0625 0.5
1165497631.62 0.375 0.5
1165497633.5 0.375 0.5
1165497635.16 0.09375 0.5
1165497636.81 0.375 0.5
1165497642.0 0.375 0.5
1165497644.66 1.03125 0.5
1165497647.53 0.09375 0.5
1165497649.81 1.0625 0.5
1165497661.5 0.375 0.5
1165497664.09 1.03125 0.5
1165502933.59 0.34375 0.5
1165515062.44 0.0625 0.5
1165515064.06 0.375 0.5
1165515094.66 1.03125 0.5
1165515106.31 0.375 0.5
1165515107.94 0.0625 0.5
1165515124.94 0.0625 0.5
1165515135.69 0.3125 0.5
1165515137.62 0.4375 0.5
1165515148.28 0.03125 0.5
1165515149.66 0.09375 0.5
1165515158.69 0.0625 0.5
1165515166.88 1.0 0.5
1165515171.06 0.0625 0.5
1165515179.38 0.5625 0.5
1165533088.66 0.28125 0.5
1165536911.41 0.03125 0.5
1165537767.88 0.0625 0.5
1165559654.03 0.09375 0.5
1165559695.69 0.0625 0.5
1165564481.34 0.03125 0.5
1165586241.66 0.03125 0.5
1165591468.72 0.21875 0.5
1165599904.84 0.09375 0.5
1165609708.84 0.03125 0.5
1165624797.88 0.0625 0.5
1165639946.91 0.03125 0.5
1165645272.88 0.0625 0.5
1165655574.53 0.03125 0.5
1165671637.69 0.25 0.5
1165714458.22 0.03125 0.5
1165717876.75 0.1875 0.5
1165748314.16 0.03125 0.5
1165754543.56 0.375 0.5
1165760915.62 0.0625 0.5
1165760934.94 0.6875 0.5
1165760939.69 0.0625 0.5
1165760944.94 0.0625 0.5
1165760949.91 0.03125 0.5
1165760955.09 0.28125 0.5
1165760959.88 0.6875 0.5
1165760964.84 0.71875 0.5
1165760969.22 0.71875 0.5
1165760974.41 0.90625 0.5
1165760979.31 1.0 0.5
1165760983.97 0.71875 0.5
1165760989.38 0.6875 0.5
1165760993.72 0.28125 0.5
1165760999.16 1.15625 0.5
1165761004.03 1.21875 0.5
1165761008.84 1.09375 0.5
1165765330.5 0.0625 0.5
1165765350.84 0.28125 0.5
1165765361.16 1.21875 0.5
1165765371.41 0.28125 0.5
1165765381.72 1.21875 0.5
1165765401.12 0.0625 0.5
1165765403.22 0.28125 0.5
1165765411.66 1.21875 0.5
1165765422.84 1.21875 0.5
1165765443.41 1.21875 0.5
1165765452.03 0.03125 0.5
1165765453.72 0.28125 0.5
1165765464.0 1.25 0.5
1165765473.56 1.4375 0.5
1165765483.62 0.25 0.5
1165765485.28 0.03125 0.5
1165765494.84 0.28125 0.5
1165765514.5 1.25 0.5
1165765524.78 0.28125 0.5
1165765534.09 0.28125 0.5
1165765535.97 0.28125 0.5
1165765555.62 1.25 0.5
1165765565.19 1.0 0.5
1165765576.19 1.25 0.5
1165765585.53 1.21875 0.5
1165765595.84 0.28125 0.5
1165765605.16 0.28125 0.5
1165765607.03 0.28125 0.5
1165765614.72 0.03125 0.5
1165765617.34 1.21875 0.5
1165765626.66 1.21875 0.5
1165765636.97 0.28125 0.5
1165765646.5 0.0625 0.5
1165765648.19 0.3125 0.5
1165765655.84 0.03125 0.5
1165765658.03 0.78125 0.5
1165765666.88 0.25 0.5
1165765669.0 0.0625 0.5
1165765676.41 0.03125 0.5
1165765678.31 0.5 0.5
1165765688.38 1.25 0.5
1165765698.16 1.21875 0.5
1165765708.03 0.28125 0.5
1165765717.56 0.0625 0.5
1165765719.44 0.5 0.5
1165765738.91 1.21875 0.5
1165765749.34 0.46875 0.5
1165765759.47 1.21875 0.5
1165765769.22 1.21875 0.5
1165765779.09 0.28125 0.5
1165765780.97 0.28125 0.5
1165765790.28 0.28125 0.5
1165765800.59 1.21875 0.5
1165765810.16 1.03125 0.5
1165765820.44 0.0625 0.5
1165765830.94 1.25 0.5
1165765841.72 1.21875 0.5
1165765851.31 1.0 0.5
1165765861.56 0.5 0.5
1165765871.88 1.4375 0.5
1165765881.41 1.21875 0.5
1165765891.69 0.25 0.5
1165765893.38 0.0625 0.5
1165765900.81 0.0625 0.5
1165765902.53 0.28125 0.5
1165765912.78 1.21875 0.5
1165765922.38 1.0 0.5
1165765932.62 0.0625 0.5
1165765943.09 1.21875 0.5
1165765952.97 0.28125 0.5
1165765955.09 0.03125 0.5
1165765964.44 0.0625 0.5
1165765973.97 0.28125 0.5
1165765984.06 1.0 0.5
1165765994.34 0.46875 0.5
1165766003.69 0.0625 0.5
1165766014.94 0.5 0.5
1165766024.97 1.21875 0.5
1165766035.28 0.28125 0.5
1165766045.03 0.28125 0.5
1165766055.34 1.21875 0.5
1165766065.41 0.46875 0.5
1165766074.75 0.0625 0.5
1165766076.62 0.0625 0.5
1165766086.16 0.28125 0.5
1165766095.53 0.28125 0.5
1165766097.19 0.0625 0.5
1165766115.91 0.03125 0.5
1165766127.34 0.28125 0.5
1165766136.66 0.28125 0.5
1165766138.34 0.03125 0.5
1165766147.69 0.0625 0.5
1165766157.25 0.25 0.5
1165766168.47 0.28125 0.5
1165766177.81 0.25 0.5
1165766188.84 0.03125 0.5
1165766198.41 0.28125 0.5
1165766208.66 1.21875 0.5
1165766218.53 0.28125 0.5
1165766228.28 0.28125 0.5
1165766237.84 0.03125 0.5
1165766239.53 0.28125 0.5
1165766248.88 0.25 0.5
1165766280.47 0.03125 0.5
1165766310.59 0.28125 0.5
1165766320.16 0.03125 0.5
1165766321.81 0.25 0.5
1165766331.41 0.03125 0.5
1165766340.72 0.03125 0.5
1165766351.72 0.28125 0.5
1165766361.28 0.03125 0.5
1165766381.88 0.0625 0.5
1165766391.19 0.0625 0.5
1165766402.44 0.0625 0.5
1165766423.0 0.0625 0.5
1165766432.34 0.03125 0.5
1165766464.16 0.03125 0.5
1165766494.06 0.0625 0.5
1165766505.28 0.03125 0.5
1165766535.19 0.0625 0.5
1165766544.53 0.03125 0.5
1165766565.09 0.03125 0.5
1165766574.44 0.0625 0.5
1165766585.66 0.03125 0.5
1165766688.53 0.03125 0.5
1165766718.44 0.0625 0.5
1165766727.78 0.03125 0.5
1165769043.69 0.0625 0.5
1165769197.03 0.03125 0.5
1165769227.38 0.5 0.5
1165769341.03 0.03125 0.5
1165769371.38 0.0625 0.5
1165769390.25 0.25 0.5
1165769400.28 0.03125 0.5
1165769410.12 0.5625 0.5
1165769419.97 0.03125 0.5
1165769439.5 0.0625 0.5
1165769513.47 0.03125 0.5
1165769524.5 0.25 0.5
1165769534.06 0.0625 0.5
1165769543.59 0.28125 0.5
1165769553.69 1.0 0.5
1165769562.94 0.0625 0.5
1165769573.72 0.46875 0.5
1165769596.62 0.3125 0.5
1165785101.84 0.03125 0.5
1165786305.53 0.03125 0.5
1165787047.28 0.03125 0.5
1165789194.81 0.125 0.5
1165813596.97 0.03125 0.5
1165819028.66 0.28125 0.5
1165824787.16 0.03125 0.5
1165828265.09 0.03125 0.5
1165855617.59 0.34375 0.5
1165873954.91 0.03125 0.5
1165879419.62 0.3125 0.5
1165884530.78 0.15625 0.5
1165897388.22 0.03125 0.5
1165900438.59 0.03125 0.5
1165906730.0 0.0625 0.5
1165914444.78 0.03125 0.5
1165923569.84 0.03125 0.5
1165923573.81 0.125 0.5
1165937064.66 0.28125 0.5
1165949513.75 0.1875 0.5
1165964453.06 0.0625 0.5
1165981021.75 0.1875 0.5
1165997699.62 0.3125 0.5
1166000634.81 0.125 0.5
1166219213.75 0.1875 0.5
1166222967.81 0.125 0.5
1166228682.56 0.375 0.5
1166260335.62 0.3125 0.5
1166262372.72 0.21875 0.5
1166264833.84 0.09375 0.5
1166267055.56 0.375 0.5
1166273630.91 0.03125 0.5
1166307934.56 0.375 0.5
1166309485.84 0.03125 0.5
1166309619.56 0.375 0.5
1166311975.75 0.1875 0.5
1166337591.78 0.15625 0.5
1166342772.5 0.4375 0.5
1166345563.81 0.125 0.5
1166360598.72 0.21875 0.5
1166364481.66 0.28125 0.5
1166368400.5 0.4375 0.5
1166375934.59 0.34375 0.5
1166394670.84 0.03125 0.5
1166395079.72 0.21875 0.5
1166402758.88 0.0625 0.5
1166413776.03 0.03125 0.5
1166424510.66 0.28125 0.5
1166460329.56 0.375 0.5
1166487989.59 0.03125 0.5
1166510028.91 0.03125 0.5
1166515482.03 0.03125 0.5
1166520942.41 0.03125 0.5
1166535132.03 0.03125 0.5
1166564927.25 0.0625 0.5
1166580161.78 0.15625 0.5
1166821115.53 0.40625 0.5
1166917346.22 0.03125 0.5
1166997991.78 0.15625 0.5
1167532371.91 1.03125 0.5
1167557017.22 0.03125 0.5
1167575899.31 0.0625 0.5
1167576843.56 0.375 0.5
1167583914.22 0.71875 0.5
1167589696.78 0.03125 0.5
1167591501.62 0.3125 0.5
1167610029.16 0.03125 0.5
1167630083.72 0.21875 0.5
1167645309.91 0.03125 0.5
1167647179.81 0.125 0.5
1167654615.56 0.375 0.5
1167668651.62 0.3125 0.5
1167675611.62 0.3125 0.5
1167682514.81 0.125 0.5
1167685972.56 0.375 0.5
1167693797.03 0.03125 0.5
1167699198.84 0.09375 0.5
1167700528.59 0.34375 0.5
1167705993.56 1.375 0.5
1167714000.72 0.21875 0.5
1167720778.66 0.28125 0.5
1167731833.81 0.125 0.5
1167736771.78 0.15625 0.5
1167738622.81 0.125 0.5
1167744535.75 0.1875 0.5
1167751307.66 0.28125 0.5
1167903007.75 0.1875 0.5
1167949647.91 0.03125 0.5
1167981404.03 0.03125 0.5
1167981420.91 0.15625 0.5
1167981448.97 0.40625 0.5
1167988359.84 0.03125 0.5
1167989703.97 0.03125 0.5
1167994700.69 0.0625 0.5
1167997105.41 0.03125 0.5
1167997481.66 0.28125 0.5
1168004181.69 0.25 0.5
1168006114.97 0.03125 0.5
1168006940.62 0.3125 0.5
1168009046.88 0.0625 0.5
1168010638.88 0.0625 0.5
1168017540.59 0.34375 0.5
1168041980.16 0.09375 0.5
1168047078.78 0.03125 0.5
1168047682.56 0.0625 0.5
1168052068.97 0.03125 0.5
1168053348.28 0.03125 0.5
1168054512.72 0.03125 0.5
1168057109.41 0.03125 0.5
1168058204.03 0.03125 0.5
1168059712.03 0.03125 0.5
1168063279.47 0.03125 0.5
1168127168.62 0.0625 0.5
1168127628.16 0.03125 0.5
1168138131.28 0.03125 0.5
1168138603.97 0.03125 0.5
1168141497.53 0.03125 0.5
1168151673.16 0.03125 0.5
1168164922.91 0.03125 0.5
1168167098.66 0.03125 0.5
1168167204.97 0.03125 0.5
1168168792.59 0.03125 0.5
1168190034.62 0.3125 0.5
1168212383.84 0.09375 0.5
1168218943.22 0.03125 0.5
1168221833.03 0.03125 0.5
1168221890.16 0.03125 0.5
1168227042.81 0.125 0.5
1168236180.12 0.0625 0.5
1168260241.66 0.03125 0.5
1168274145.53 0.40625 0.5
1168281355.03 0.03125 0.5
1168283397.62 0.3125 0.5
1168288691.91 0.03125 0.5
1168302239.03 0.03125 0.5
1168306542.72 0.03125 0.5
1168316537.03 0.03125 0.5
1168318926.22 0.03125 0.5
1168339137.47 0.03125 0.5
1168344952.47 0.03125 0.5
1168356944.16 0.15625 0.5
1168358969.34 0.03125 0.5
1168386869.28 0.03125 0.5
1168411189.78 0.15625 0.5
1168420395.0 0.25 0.5
1168423034.66 0.03125 0.5
1168423094.53 0.03125 0.5
1168445949.97 0.03125 0.5
1168445955.53 0.40625 0.5
1168454800.66 0.03125 0.5
1168456927.78 0.03125 0.5
1168456929.88 0.0625 0.5
1168471523.28 0.03125 0.5
1168475061.28 0.03125 0.5
1168485531.41 0.03125 0.5
1168492098.59 0.03125 0.5
1168500206.78 0.15625 0.5
1168510620.09 0.03125 0.5
1168515511.72 0.03125 0.5
1168543844.41 0.03125 0.5
1168548471.59 0.03125 0.5
1168568057.66 0.28125 0.5
1168593539.97 0.03125 0.5
1168610504.91 0.03125 0.5
1168617838.81 0.125 0.5
1168621869.91 0.03125 0.5
1168625699.28 0.03125 0.5
1168630409.91 0.03125 0.5
1168636119.81 0.0625 0.5
1168637881.81 0.125 0.5
1168654015.59 0.03125 0.5
1168660729.47 0.03125 0.5
1168661720.72 0.03125 0.5
1168679566.56 0.375 0.5
1168698815.66 0.03125 0.5
1168702858.56 0.375 0.5
1168744226.78 0.03125 0.5
1168752594.03 0.03125 0.5
1168752599.47 0.46875 0.5
1168784609.88 0.0625 0.5
1168797802.81 0.125 0.5
1168818469.53 0.03125 0.5
1168844242.34 0.03125 0.5
1168845700.47 0.46875 0.5
1168903466.66 0.28125 0.5
1168930152.78 0.03125 0.5
1168978283.53 0.03125 0.5
1169015396.53 0.40625 0.5
1169019034.41 0.03125 0.5
1169024595.34 0.59375 0.5
1169068757.09 0.03125 0.5
1169083974.75 0.1875 0.5
1169095524.78 0.15625 0.5
1169212493.53 0.03125 0.5
1169218065.62 0.3125 0.5
1169234650.59 0.34375 0.5
1169249467.69 0.25 0.5
1169257506.53 0.03125 0.5
1169283511.66 0.03125 0.5
1169288011.34 0.03125 0.5
1169289498.62 0.3125 0.5
1169370311.62 0.3125 0.5
1169376331.47 0.46875 0.5
1169378272.81 0.0625 0.5
1169386924.78 0.15625 0.5
1169389672.81 0.125 0.5
1169424150.75 0.1875 0.5
1169477960.78 0.15625 0.5
1169483860.62 0.3125 0.5
1169488067.03 0.03125 0.5
1169489570.91 0.03125 0.5
1169499413.53 0.40625 0.5
1169544099.25 0.0625 0.5
1169544669.28 0.03125 0.5
1169546577.41 0.03125 0.5
1169546729.59 0.03125 0.5
1169553413.62 0.3125 0.5
1169559599.16 0.03125 0.5
1169564008.53 0.40625 0.5
1169573911.97 0.03125 0.5
1169581066.16 0.03125 0.5
1169582749.09 0.03125 0.5
1169584821.72 0.21875 0.5
1169593345.72 0.03125 0.5
1169596665.91 0.03125 0.5
1169600717.91 0.03125 0.5
1169601820.72 0.21875 0.5
1169605710.34 0.03125 0.5
1169606618.59 0.03125 0.5
1169608953.34 0.03125 0.5
1169611185.28 0.03125 0.5
1169616029.66 0.28125 0.5
1169622511.59 0.03125 0.5
1169627708.53 0.03125 0.5
1169627927.16 0.03125 0.5
1169629911.22 0.09375 0.5
1169633280.16 0.03125 0.5
1169637131.47 0.03125 0.5
1169640235.72 0.03125 0.5
1169642130.38 0.0625 0.5
1169642537.72 0.59375 0.5
1169645181.56 0.0625 0.5
1169651431.03 0.03125 0.5
1169652040.97 0.53125 0.5
1169655300.5 0.3125 0.5
1169656068.78 0.15625 0.5
1169664931.56 0.375 0.5
1169680646.75 0.1875 0.5
1169688001.16 0.03125 0.5
1169688971.28 0.03125 0.5
1169688974.28 0.03125 0.5
1169695957.78 0.15625 0.5
1169700903.84 0.03125 0.5
1169704877.12 0.0625 0.5
1169704879.84 0.03125 0.5
1169709539.53 0.03125 0.5
1169710213.5 0.0625 0.5
1169710548.91 0.03125 0.5
1169714790.56 0.125 0.5
1169719932.41 0.03125 0.5
1169719934.16 0.03125 0.5
1169729071.19 0.3125 0.5
1169729072.78 0.03125 0.5
1169729075.22 0.03125 0.5
1169734108.97 0.03125 0.5
1169738356.78 0.03125 0.5
1169738878.78 0.15625 0.5
1169794220.31 0.0625 0.5
1169798050.72 0.21875 0.5
1169820369.56 0.375 0.5
1169856942.09 0.03125 0.5
1169859176.84 0.09375 0.5
1169873593.91 0.03125 0.5
1169890038.19 0.5625 0.5
1169890041.03 0.03125 0.5
1169896635.44 0.3125 0.5
1169904750.41 0.03125 0.5
1169908886.75 0.1875 0.5
1169955496.09 0.03125 0.5
1169971631.09 0.03125 0.5
1170001404.41 0.03125 0.5
1170003161.72 0.21875 0.5
1170013143.88 0.0625 0.5
1170032942.75 0.1875 0.5
1170043118.41 0.03125 0.5
1170043123.91 0.03125 0.5
1170072947.88 0.0625 0.5
1170076962.84 0.03125 0.5
1170077957.47 0.03125 0.5
1170100741.81 0.5 0.5
1170107242.12 0.1875 0.5
1170108757.59 0.03125 0.5
1170118557.75 0.1875 0.5
1170132748.09 0.03125 0.5
1170134374.78 0.15625 0.5
1170165036.91 0.03125 0.5
1170167750.03 0.03125 0.5
1170172051.72 0.21875 0.5
1170187643.62 0.3125 0.5
1170212985.53 0.03125 0.5
1170252860.47 0.53125 0.5
1170255325.56 0.375 0.5
1170273135.09 0.03125 0.5
1170273179.28 0.03125 0.5
1170290405.84 0.03125 0.5
1170297004.47 0.03125 0.5
1170304578.03 0.03125 0.5
1170309681.91 0.03125 0.5
1170312417.97 0.03125 0.5
1170325893.47 0.21875 0.5
1170329015.78 0.15625 0.5
1170356101.78 0.15625 0.5
1170368065.69 0.25 0.5
1170391389.72 0.03125 0.5
1170391606.66 0.28125 0.5
1170412536.78 0.03125 0.5
1170417430.91 0.03125 0.5
1170429143.03 0.03125 0.5
1170432065.28 0.03125 0.5
1170436247.84 0.09375 0.5
1170481941.66 0.28125 0.5
1170512880.69 0.25 0.5
1170587945.66 0.03125 0.5
1170597078.75 0.0625 0.5
1170600468.66 0.28125 0.5
1170607838.09 0.03125 0.5
1170614192.97 0.03125 0.5
1170615329.75 0.1875 0.5
1170619112.66 0.09375 0.5
1170619113.97 0.03125 0.5
1170633419.97 0.03125 0.5
1170642626.88 0.0625 0.5
1170646141.34 0.03125 0.5
1170651712.22 0.03125 0.5
1170652642.47 0.03125 0.5
1170654627.69 0.25 0.5
1170658227.22 0.03125 0.5
1170660763.75 0.25 0.5
1170663549.47 0.03125 0.5
1170667095.84 0.03125 0.5
1170672369.69 0.25 0.5
1170689749.62 0.3125 0.5
1170704559.16 0.03125 0.5
1170704560.66 0.28125 0.5
1170735310.41 0.03125 0.5
1170741163.41 0.03125 0.5
1170772989.56 0.375 0.5
1170805767.38 0.0625 0.5
1170821566.78 0.03125 0.5
1170827663.31 0.625 0.5
1170838401.34 0.03125 0.5
1170846886.53 0.03125 0.5
1170846909.81 0.0625 0.5
1170847546.53 0.03125 0.5
1170854411.91 0.03125 0.5
1170855242.72 0.21875 0.5
1170860451.59 0.03125 0.5
1170884553.75 0.0625 0.5
1170896416.84 0.09375 0.5
1170920349.19 0.0625 0.5
1170942758.41 0.03125 0.5
1170947958.81 0.125 0.5
1170977672.66 0.28125 0.5
1170987341.47 0.03125 0.5
1171006990.66 0.28125 0.5
1171059420.28 0.03125 0.5
1171065948.72 0.03125 0.5
1171070264.84 0.03125 0.5
1171102348.69 0.25 0.5
1171114635.16 0.03125 0.5
1171114640.66 0.28125 0.5
1171154299.22 0.03125 0.5
1171166744.66 0.28125 0.5
1171224709.94 0.0625 0.5
1171225520.59 0.03125 0.5
1171263235.41 0.03125 0.5
1171287650.03 0.03125 0.5
1171294464.78 0.03125 0.5
1171300161.53 0.03125 0.5
1171313809.81 0.0625 0.5
1171323221.97 0.03125 0.5
1171362727.31 0.3125 0.5
1171364211.72 0.03125 0.5
1171366018.78 0.03125 0.5
1171379462.03 0.21875 0.5
1171381949.78 0.03125 0.5
1171381955.59 0.03125 0.5
1171453420.81 0.125 0.5
1171480353.66 0.03125 0.5
1171483447.16 0.03125 0.5
1171496305.66 0.03125 0.5
1171523006.47 0.03125 0.5
1171523008.28 0.03125 0.5
1171529129.47 0.03125 0.5
1171545952.03 0.03125 0.5
1171548754.94 0.1875 0.5
1171548761.09 0.03125 0.5
1171560849.12 0.0625 0.5
1171563484.88 0.1875 0.5
1171577517.03 0.03125 0.5
1171607963.03 0.03125 0.5
1171629789.53 0.03125 0.5
1171629794.81 0.125 0.5
1171644380.09 0.03125 0.5
1171646597.16 0.03125 0.5
1171646619.66 0.28125 0.5
1171664395.16 0.09375 0.5
1171666298.62 0.3125 0.5
1171697062.66 0.28125 0.5
1171710463.66 0.28125 0.5
1171752779.22 0.03125 0.5
1171752784.69 0.25 0.5
1171782387.84 0.09375 0.5
1171786401.94 0.0625 0.5
1171787504.66 0.28125 0.5
1171789966.78 0.15625 0.5
1171795514.91 0.03125 0.5
1171798101.78 0.15625 0.5
1171815693.78 0.03125 0.5
1171829704.69 0.25 0.5
1171842960.28 0.03125 0.5
1171844556.03 0.03125 0.5
1171844629.66 0.28125 0.5
1171854960.41 0.03125 0.5
1171863781.75 0.1875 0.5
1171888116.56 0.0625 0.5
1171899765.72 0.03125 0.5
1171900487.19 0.0625 0.5
1171900955.78 0.03125 0.5
1171901927.41 0.03125 0.5
1171918905.34 0.03125 0.5
1171921343.06 0.0625 0.5
1171926683.47 0.09375 0.5
1171927622.38 0.0625 0.5
1171947004.91 0.03125 0.5
1171951124.59 0.03125 0.5
1171957203.41 0.53125 0.5
1171961715.47 0.03125 0.5
1171967543.19 0.0625 0.5
1171975838.81 0.125 0.5
1171985698.81 0.0625 0.5
1171993440.81 0.125 0.5
1172015832.41 0.53125 0.5
1172038317.47 0.03125 0.5
1172041357.5 0.0625 0.5
1172049650.62 0.0625 0.5
1172050037.28 0.03125 0.5
1172058970.53 0.03125 0.5
1172066901.81 0.125 0.5
1172075437.78 0.15625 0.5
1172085003.75 0.1875 0.5
1172088364.47 0.03125 0.5
1172098329.34 0.03125 0.5
1172116059.84 0.03125 0.5
1172118582.78 0.03125 0.5
1172118715.72 0.03125 0.5
1172122623.72 0.03125 0.5
1172133867.16 0.03125 0.5
1172134326.69 0.25 0.5
1172141669.88 0.0625 0.5
1172151963.41 0.03125 0.5
1172155617.78 0.15625 0.5
1172176525.53 0.03125 0.5
1172186459.59 0.03125 0.5
1172190410.78 0.03125 0.5
1172202724.25 0.0625 0.5
1172223898.81 0.125 0.5
1172230030.66 0.03125 0.5
1172245306.97 0.03125 0.5
1172274356.22 0.03125 0.5
1172278068.59 0.03125 0.5
1172288102.78 0.03125 0.5
1172291460.69 0.25 0.5
1172301107.72 0.03125 0.5
1172329871.75 0.1875 0.5
1172365887.0 0.0625 0.5
1172376218.66 0.28125 0.5
1172383647.78 0.03125 0.5
1172387197.59 0.34375 0.5
1172396327.91 0.03125 0.5
1172402924.28 0.03125 0.5
1172406126.56 0.375 0.5
1172410422.62 0.0625 0.5
1172413719.84 0.03125 0.5
1172428677.97 0.09375 0.5
1172434093.88 0.0625 0.5
1172440546.91 0.03125 0.5
1172444675.66 0.03125 0.5
1172452690.0 0.125 0.5
1172457786.78 0.15625 0.5
1172461172.59 0.03125 0.5
1172464163.91 0.03125 0.5
1172467565.84 0.03125 0.5
1172490029.91 0.03125 0.5
1172497498.03 0.03125 0.5
1172499454.66 0.28125 0.5
1172534019.53 0.40625 0.5
1172552348.81 0.125 0.5
1172558133.72 0.03125 0.5
1172564419.75 0.1875 0.5
1172578555.28 0.03125 0.5
1172594837.59 0.34375 0.5
1172616285.62 0.3125 0.5
1172634490.66 0.03125 0.5
1172635043.81 0.125 0.5
1172670212.59 0.03125 0.5
1172688164.5 0.4375 0.5
1172699742.69 0.0625 0.5
1172742125.72 0.03125 0.5
1172809317.56 0.1875 0.5
1172812371.59 0.03125 0.5
1172849134.59 0.34375 0.5
1172854796.66 0.28125 0.5
1172910823.34 0.03125 0.5
1172911376.84 0.03125 0.5
1172927079.38 0.0625 0.5
1172958076.66 0.28125 0.5
1172962405.84 0.09375 0.5
1172969300.41 0.03125 0.5
1172970346.03 0.03125 0.5
1172979426.69 0.25 0.5
1173010791.84 0.03125 0.5
1173013546.34 0.03125 0.5
1173013563.88 0.0625 0.5
1173039340.16 0.15625 0.5
1173044385.78 0.03125 0.5
1173046177.78 0.03125 0.5
1173046830.72 0.03125 0.5
1173050360.22 0.03125 0.5
1173053152.59 0.34375 0.5
1173061083.59 0.03125 0.5
1173064294.97 0.03125 0.5
1173077439.22 0.03125 0.5
1173096257.72 0.03125 0.5
1173097635.66 0.28125 0.5
1173113947.78 0.15625 0.5
1173142294.5 0.0625 0.5
1173143585.88 0.0625 0.5
1173144929.78 0.03125 0.5
1173145455.28 0.03125 0.5
1173165344.97 0.03125 0.5
1173168927.16 0.03125 0.5
1173178968.03 0.03125 0.5
1173187655.91 0.03125 0.5
1173194890.59 0.34375 0.5
1173207153.84 0.03125 0.5
1173210466.97 0.03125 0.5
1173212336.66 0.03125 0.5
1173235891.97 0.03125 0.5
1173237752.97 0.03125 0.5
1173238180.84 0.03125 0.5
1173267233.47 0.46875 0.5
1173283715.03 0.03125 0.5
1173288206.97 0.03125 0.5
1173290906.66 0.03125 0.5
1173312110.75 0.1875 0.5
1173355357.47 0.03125 0.5
1173355390.62 0.3125 0.5
1173360749.88 0.0625 0.5
1173401313.97 0.03125 0.5
1173402764.72 0.21875 0.5
1173412931.84 0.03125 0.5
1173414736.44 0.5 0.5
1173423681.41 0.09375 0.5
1173438616.66 0.03125 0.5
1173447245.28 0.03125 0.5
1173447310.22 0.03125 0.5
1173449465.41 0.03125 0.5
1173466758.28 0.03125 0.5
1173469554.66 0.28125 0.5
1173488365.09 0.03125 0.5
1173490208.88 0.0625 0.5
1173496657.47 0.21875 0.5
1173500028.53 0.40625 0.5
1173506075.22 0.03125 0.5
1173515960.59 0.03125 0.5
1173524178.62 0.3125 0.5
1173532183.78 0.03125 0.5
1173558227.09 0.03125 0.5
1173565582.59 0.03125 0.5
1173574342.59 0.34375 0.5
1173583182.88 0.0625 0.5
1173589110.72 0.21875 0.5
1173593024.91 0.03125 0.5
1173607244.06 0.0625 0.5
1173613945.72 0.03125 0.5
1173616740.81 0.125 0.5
1173641327.59 0.03125 0.5
1173654279.75 0.1875 0.5
1173665163.84 0.03125 0.5
1173693224.78 0.03125 0.5
1173711677.66 0.03125 0.5
1173716914.62 0.3125 0.5
1173737392.84 0.03125 0.5
1173744793.84 0.03125 0.5
1173793775.97 0.03125 0.5
1173817471.62 0.0625 0.5
1173829046.22 0.03125 0.5
1173830870.09 0.03125 0.5
1173833744.97 0.03125 0.5
1173850111.66 0.28125 0.5
1173853299.03 0.21875 0.5
1173857219.03 0.03125 0.5
1173881026.81 0.0625 0.5
1173929380.41 0.03125 0.5
1173933116.72 0.03125 0.5
1173940341.47 0.03125 0.5
1173953235.41 0.03125 0.5
1173971187.53 0.03125 0.5
1173976549.62 0.3125 0.5
1173989243.16 0.03125 0.5
1173996206.81 0.0625 0.5
1174011320.66 0.03125 0.5
1174024455.12 0.0625 0.5
1174028329.91 0.03125 0.5
1174038142.44 0.0625 0.5
1174039551.31 0.0625 0.5
1174043433.97 0.03125 0.5
1174086299.75 0.0625 0.5
1174086611.16 0.03125 0.5
1174087394.34 0.03125 0.5
1174089770.25 0.0625 0.5
1174092366.53 0.03125 0.5
1174093727.34 0.03125 0.5
1174102701.78 0.03125 0.5
1174115468.41 0.03125 0.5
1174124162.66 0.28125 0.5
1174165467.72 0.21875 0.5
1174167542.97 0.03125 0.5
1174170453.59 0.03125 0.5
1174177715.66 0.03125 0.5
1174178896.91 0.03125 0.5
1174181532.47 0.03125 0.5
1174183554.97 0.03125 0.5
1174183661.59 0.34375 0.5
1174191947.16 0.03125 0.5
1174196655.0 0.0625 0.5
1174201838.53 0.03125 0.5
1174204071.22 0.03125 0.5
1174223763.84 0.03125 0.5
1174236721.59 0.03125 0.5
1174243838.69 0.25 0.5
1174256566.16 0.03125 0.5
1174262312.78 0.03125 0.5
1174276874.84 0.03125 0.5
1174297792.78 0.03125 0.5
1174312617.03 0.03125 0.5
1174317701.91 0.03125 0.5
1174335516.91 0.03125 0.5
1174350380.81 0.125 0.5
1174356853.25 0.0625 0.5
1174372202.34 0.03125 0.5
1174379862.53 0.03125 0.5
1174382468.56 0.375 0.5
1174403875.03 0.03125 0.5
1174404646.78 0.15625 0.5
1174410616.91 0.03125 0.5
1174424576.25 0.0625 0.5
1174432000.22 0.03125 0.5
1174450404.09 0.03125 0.5
1174457604.12 0.0625 0.5
1174467897.66 0.28125 0.5
1174488891.06 0.0625 0.5
1174490441.81 0.125 0.5
1174502481.41 0.03125 0.5
1174544755.72 0.03125 0.5
1174548920.97 0.03125 0.5
1174552228.28 0.03125 0.5
1174556513.72 0.21875 0.5
1174563062.91 0.03125 0.5
1174564806.34 0.03125 0.5
1174568161.19 0.0625 0.5
1174600136.78 0.03125 0.5
1174648297.59 0.34375 0.5
1174666629.34 0.03125 0.5
1174683722.75 0.1875 0.5
1174693847.34 0.03125 0.5
1174695153.59 0.34375 0.5
1174697377.41 0.03125 0.5
1174697935.09 0.03125 0.5
1174707448.53 0.03125 0.5
1174711375.62 0.3125 0.5
1174713875.47 0.03125 0.5
1174721340.22 0.03125 0.5
1174773812.28 0.03125 0.5
1174776286.31 0.0625 0.5
1174776492.91 0.03125 0.5
1174784178.22 0.03125 0.5
1174796481.62 0.3125 0.5
1174820320.66 0.03125 0.5
1174836327.56 0.375 0.5
1174846612.53 0.03125 0.5
1174848077.78 0.03125 0.5
1174848824.66 0.28125 0.5
1174862948.78 0.15625 0.5
1174867952.81 0.125 0.5
1174869518.09 0.03125 0.5
1174871966.66 0.03125 0.5
1174873284.53 0.03125 0.5
1174900386.59 0.34375 0.5
1174936632.81 0.125 0.5
1174941445.03 0.03125 0.5
1174951192.81 0.125 0.5
1174963253.81 0.125 0.5
1174980450.59 0.03125 0.5
1174984338.41 0.03125 0.5
1174989110.75 0.1875 0.5
1174994040.34 0.03125 0.5
1175005929.84 0.09375 0.5
1175015102.78 0.03125 0.5
1175063084.03 0.03125 0.5
1175092678.62 0.4375 0.5
1175115505.72 0.21875 0.5
1175134450.09 0.03125 0.5
1175199985.84 0.03125 0.5
1175210251.22 0.03125 0.5
1175213497.88 0.0625 0.5
1175231020.84 0.03125 0.5
1175239912.03 0.03125 0.5
1175241285.78 0.03125 0.5
1175278310.62 0.3125 0.5
1175296672.59 0.03125 0.5
1175303034.97 0.03125 0.5
1175305943.22 0.71875 0.5
1175324884.53 0.03125 0.5
1175344600.53 0.03125 0.5
1175372020.84 0.03125 0.5
1175374975.72 0.03125 0.5
1175381530.91 0.03125 0.5
1175389131.03 0.03125 0.5
1175393640.03 0.03125 0.5
1175395264.78 0.03125 0.5
1175407642.09 0.03125 0.5
1175411124.91 0.03125 0.5
1175421045.97 0.03125 0.5
1175435903.0 0.0625 0.5
1175437179.66 0.28125 0.5
1175441770.09 0.03125 0.5
1175467590.34 0.03125 0.5
1175473905.31 0.125 0.5
1175477934.66 0.03125 0.5
1175480685.16 0.03125 0.5
1175482208.72 0.21875 0.5
1175545160.56 0.375 0.5
1175547975.09 0.03125 0.5
1175550136.69 0.25 0.5
1175557502.03 0.03125 0.5
1175557565.75 0.1875 0.5
1175571043.78 0.03125 0.5
1175580680.97 0.03125 0.5
1175590800.66 0.28125 0.5
1175599176.47 0.03125 0.5
1175602772.78 0.03125 0.5
1175605252.28 0.03125 0.5
1175612098.12 0.0625 0.5
1175624749.41 0.03125 0.5
1175635674.88 0.0625 0.5
1175641473.59 0.03125 0.5
1175642351.72 0.03125 0.5
1175643876.97 0.03125 0.5
1175654415.47 0.03125 0.5
1175688076.16 0.03125 0.5
1175693189.88 0.0625 0.5
1175705337.69 0.25 0.5
1175708791.97 0.03125 0.5
1175717818.97 0.03125 0.5
1175720425.28 0.03125 0.5
1175726429.88 0.0625 0.5
1175731697.59 0.03125 0.5
1175745968.03 0.03125 0.5
1175753585.53 0.03125 0.5
1175781095.16 0.03125 0.5
1175784566.53 0.03125 0.5
1175787566.53 0.40625 0.5
1175791831.97 0.03125 0.5
1175805750.72 0.21875 0.5
1175815195.34 0.03125 0.5
1175839489.09 0.03125 0.5
1175849443.97 0.03125 0.5
1175856856.09 0.03125 0.5
1175861677.75 0.1875 0.5
1175901245.75 0.1875 0.5
1175902792.59 0.34375 0.5
1175913047.28 0.03125 0.5
1175927373.16 0.03125 0.5
1175943057.66 0.03125 0.5
1175990101.72 0.03125 0.5
1175993270.53 0.40625 0.5
1176000125.22 0.03125 0.5
1176012603.09 0.03125 0.5
1176019850.91 0.03125 0.5
1176033398.91 0.03125 0.5
1176053131.53 0.40625 0.5
1176160090.06 0.0625 0.5
1176160091.44 0.0625 0.5
1176160093.09 0.03125 0.5
1176179835.53 0.03125 0.5
1176231583.53 0.03125 0.5
1176238617.03 0.03125 0.5
1176252691.22 0.03125 0.5
1176294582.62 0.3125 0.5
1176320083.72 0.03125 0.5
1176335031.66 0.03125 0.5
1176339848.84 0.09375 0.5
1176348901.41 0.03125 0.5
1176363298.16 0.03125 0.5
1176391580.0 0.0625 0.5
1176423310.59 0.34375 0.5
1176464763.53 0.03125 0.5
1176472221.44 0.5 0.5
1176477082.03 0.03125 0.5
1176477642.97 0.03125 0.5
1176479410.03 0.03125 0.5
1176505852.09 0.03125 0.5
1176507863.62 0.0625 0.5
1176516600.69 0.25 0.5
1176545281.56 0.0625 0.5
1176558132.0 0.125 0.5
1176558135.22 1.34375 0.5
1176558161.09 0.03125 0.5
1176558163.59 0.34375 0.5
1176558177.97 0.28125 0.5
1176558182.47 0.21875 0.5
1176558185.56 1.1875 0.5
1176558187.91 0.09375 0.5
1176558190.66 0.03125 0.5
1176558194.75 1.1875 0.5
1176604052.78 0.03125 0.5
1176607335.5 0.4375 0.5
1176611060.12 0.0625 0.5
1176629651.28 0.03125 0.5
1176646173.59 0.03125 0.5
1176654682.72 0.03125 0.5
1176655081.91 0.03125 0.5
1176655200.78 0.15625 0.5
1176680837.59 0.34375 0.5
1176689430.59 0.03125 0.5
1176712671.03 0.03125 0.5
1176722650.88 0.0625 0.5
1176740852.59 0.03125 0.5
1176746569.34 0.03125 0.5
1176746640.12 0.0625 0.5
1176746769.84 0.09375 0.5
1176746772.59 0.34375 0.5
1176788920.09 0.03125 0.5
1176793280.66 0.03125 0.5
1176797261.25 0.0625 0.5
1176841985.62 0.3125 0.5
1176844673.91 0.03125 0.5
1176850208.53 0.03125 0.5
1176852856.44 0.0625 0.5
1176855083.09 0.03125 0.5
1176899529.28 0.03125 0.5
1176899531.53 0.03125 0.5
1176902819.56 0.375 0.5
1176923001.53 0.03125 0.5
1176936733.56 0.0625 0.5
1176952450.66 0.28125 0.5
1176981415.28 0.03125 0.5
1176982985.03 0.03125 0.5
1176995095.78 0.03125 0.5
1177004497.78 0.03125 0.5
1177035622.22 0.03125 0.5
1177039694.72 0.03125 0.5
1177064297.91 0.03125 0.5
1177080737.28 0.03125 0.5
1177089416.09 0.03125 0.5
1177105791.66 0.28125 0.5
1177126934.28 0.03125 0.5
1177136862.22 0.03125 0.5
1177138307.72 0.03125 0.5
1177183354.62 0.3125 0.5
1177191039.09 0.40625 0.5
1177192586.72 0.21875 0.5
1177194267.69 0.25 0.5
1177200203.53 0.40625 0.5
1177215291.66 0.03125 0.5
1177215803.72 0.03125 0.5
1177223292.62 0.3125 0.5
1177234078.28 0.03125 0.5
1177234171.47 0.03125 0.5
1177237354.72 0.03125 0.5
1177244220.66 0.15625 0.5
1177266905.62 0.3125 0.5
1177290832.84 0.03125 0.5
1177292446.47 0.03125 0.5
1177297636.22 0.03125 0.5
1177300233.97 0.03125 0.5
1177304887.72 0.03125 0.5
1177316781.66 0.03125 0.5
1177342004.5 0.4375 0.5
1177369838.28 0.03125 0.5
1177379104.66 0.03125 0.5
1177381641.16 0.03125 0.5
1177401282.66 0.03125 0.5
1177406719.56 0.375 0.5
1177419212.41 0.03125 0.5
1177431716.41 0.03125 0.5
1177436037.34 0.03125 0.5
1177439749.53 0.03125 0.5
1177441658.41 0.03125 0.5
1177447524.56 0.375 0.5
1177520314.47 0.03125 0.5
1177528578.47 0.03125 0.5
1177535497.09 0.03125 0.5
1177536418.84 0.21875 0.5
1177541570.91 0.03125 0.5
1177656081.59 0.34375 0.5
1177666334.16 0.03125 0.5
1177672782.69 0.25 0.5
1177712282.62 0.3125 0.5
1177756325.84 0.03125 0.5
1177793000.91 0.03125 0.5
1177803873.91 0.03125 0.5
1177821012.66 0.28125 0.5
1177844255.28 0.03125 0.5
1177846473.72 0.03125 0.5
1177848091.75 0.0625 0.5
1177854331.91 0.03125 0.5
1177861749.38 0.125 0.5
1177864241.34 0.03125 0.5
1177867127.22 0.03125 0.5
1177868897.5 0.1875 0.5
1177869581.56 1.125 0.5
1177869584.47 0.03125 0.5
1177870567.84 0.03125 0.5
1177870569.94 0.5 0.5
1177876526.28 0.28125 0.5
1177893981.66 0.28125 0.5
1177982479.91 0.03125 0.5
1177992757.72 0.03125 0.5
1178014444.03 0.03125 0.5
1178014687.59 0.34375 0.5
1178067036.56 0.375 0.5
1178075114.97 0.03125 0.5
1178084109.56 0.375 0.5
1178089945.59 0.03125 0.5
1178100330.84 0.09375 0.5
1178106822.03 0.03125 0.5
1178109465.91 0.03125 0.5
1178126138.19 0.0625 0.5
1178143504.84 0.09375 0.5
1178146694.66 0.03125 0.5
1178154171.53 0.03125 0.5
1178161214.78 0.03125 0.5
1178163294.84 0.03125 0.5
1178193207.72 0.21875 0.5
1178199560.16 0.03125 0.5
1178199861.72 0.03125 0.5
1178223748.22 0.03125 0.5
1178224546.09 0.03125 0.5
1178231953.09 0.03125 0.5
1178234919.97 0.03125 0.5
1178264734.41 0.03125 0.5
1178265625.34 0.03125 0.5
1178275871.53 0.03125 0.5
1178285783.72 0.03125 0.5
1178285785.66 0.28125 0.5
1178288395.22 0.03125 0.5
1178288399.91 0.03125 0.5
1179561891.78 0.03125 0.5
1179564333.16 0.03125 0.5
1179571693.78 0.03125 0.5
1179587890.56 0.375 0.5
1179609582.53 0.03125 0.5
1179614108.59 0.03125 0.5
1179621283.84 0.03125 0.5
1179626725.84 0.09375 0.5
1179635854.75 0.1875 0.5
1179638139.03 0.03125 0.5
1179648044.78 0.03125 0.5
1179659844.28 0.03125 0.5
1179680887.84 0.09375 0.5
1179694775.69 0.25 0.5
1179694779.62 0.125 0.5
1179695597.47 1.09375 0.5
1179697696.47 0.46875 0.5
1179701150.47 0.59375 0.5
1179701154.66 0.03125 0.5
1179701159.59 0.03125 0.5
1179736550.66 0.03125 0.5
1179752072.41 0.03125 0.5
1179762083.84 0.03125 0.5
1179776912.78 0.03125 0.5
1179780753.5 0.4375 0.5
1179782558.03 0.03125 0.5
1179787297.62 0.3125 0.5
1179795615.81 0.0625 0.5
1179797870.66 0.03125 0.5
1179814270.91 0.03125 0.5
1179824377.41 0.03125 0.5
1179836619.53 0.03125 0.5
1179847710.47 0.15625 0.5
1179863324.19 0.0625 0.5
1179868786.88 0.0625 0.5
1179876128.03 0.03125 0.5
1179882337.59 0.03125 0.5
1179882833.56 0.375 0.5
1179885854.12 0.0625 0.5
1179886630.78 0.03125 0.5
1179898590.84 0.09375 0.5
1179901777.28 0.03125 0.5
1179902016.62 0.3125 0.5
1179905429.44 0.0625 0.5
1179916742.91 0.03125 0.5
1179925479.78 0.03125 0.5
1179952363.34 0.03125 0.5
1179962372.91 0.03125 0.5
1179977458.84 0.03125 0.5
1179978285.78 0.03125 0.5
1179980572.66 0.03125 0.5
1179991303.44 0.0625 0.5
1180003022.78 0.03125 0.5
1180014039.03 0.03125 0.5
1180016751.72 0.21875 0.5
1180030091.72 0.21875 0.5
1180041744.59 0.34375 0.5
1180046179.41 0.53125 0.5
1180068460.22 0.03125 0.5
1180069421.75 0.1875 0.5
1180073382.72 0.21875 0.5
1180087371.72 0.03125 0.5
1180091462.59 0.03125 0.5
1180091833.22 0.03125 0.5
1180098468.97 0.03125 0.5
1180105146.78 0.15625 0.5
1180146085.47 0.03125 0.5
1180151070.31 0.0625 0.5
1180165563.47 0.03125 0.5
1180168090.53 0.03125 0.5
1180168572.16 0.03125 0.5
1180191517.78 0.03125 0.5
1180215683.81 1.125 0.5
1180224286.81 0.125 0.5
1180226948.78 0.03125 0.5
1180228153.28 0.65625 0.5
1180230141.28 0.65625 0.5
1180236874.59 0.34375 0.5
1180249950.88 0.0625 0.5
1180274925.91 0.03125 0.5
1180280104.16 0.03125 0.5
1180301406.59 0.03125 0.5
1180307982.84 0.03125 0.5
1180319343.28 0.03125 0.5
1180355364.34 0.03125 0.5
1180358875.56 0.375 0.5
1180388570.03 0.03125 0.5
1180389232.03 0.03125 0.5
1180389513.47 0.03125 0.5
1180390737.03 0.03125 0.5
1180404626.16 0.03125 0.5
1180412742.91 0.03125 0.5
1180413101.53 0.03125 0.5
1180442108.97 0.03125 0.5
1180446126.91 0.03125 0.5
1180451781.16 0.03125 0.5
1180455747.41 0.03125 0.5
1180468224.78 0.03125 0.5
1180472522.16 0.03125 0.5
1180476899.75 0.1875 0.5
1180494534.09 0.03125 0.5
1180496454.56 0.0625 0.5
1180499825.84 0.03125 0.5
1180502611.31 0.0625 0.5
1180503297.28 0.03125 0.5
1180540556.97 0.03125 0.5
1180559329.69 0.0625 0.5
1180561569.91 0.03125 0.5
1180570044.66 0.03125 0.5
1180572997.78 0.03125 0.5
1180577314.03 0.03125 0.5
1180592348.53 0.40625 0.5
1180604454.88 0.0625 0.5
1180606465.41 0.03125 0.5
1180614008.34 0.03125 0.5
1180652814.84 0.03125 0.5
1180661994.53 0.03125 0.5
1180670022.84 0.03125 0.5
1180684104.78 0.15625 0.5
1180694260.62 0.3125 0.5
1180698863.84 0.09375 0.5
1180703344.97 0.03125 0.5
1180706078.84 0.03125 0.5
1180706969.88 0.0625 0.5
1180751178.62 0.3125 0.5
1180772074.53 0.03125 0.5
1180774418.47 0.03125 0.5
1180790067.75 0.1875 0.5
1180821034.47 0.03125 0.5
1180821035.81 0.125 0.5
1180849523.62 0.3125 0.5
1180854436.72 0.21875 0.5
1180859230.88 0.0625 0.5
1180864275.75 0.1875 0.5
1180869385.59 0.03125 0.5
1180869389.59 0.34375 0.5
1180876929.91 0.03125 0.5
1180892495.56 0.375 0.5
1180895903.97 0.03125 0.5
1180897936.59 0.03125 0.5
1180910656.28 0.03125 0.5
1180921975.38 0.0625 0.5
1180948574.56 0.0625 0.5
1180955977.16 0.03125 0.5
1180959099.34 0.03125 0.5
1180964892.97 0.03125 0.5
1180968145.97 0.03125 0.5
1180980000.09 0.03125 0.5
1180989458.84 0.03125 0.5
1180994450.22 0.03125 0.5
1181004446.34 0.03125 0.5
1181004642.22 0.03125 0.5
1181022603.81 0.125 0.5
1181030948.78 0.15625 0.5
1181050550.47 0.03125 0.5
1181059290.59 0.03125 0.5
1181064533.69 0.1875 0.5
1181074880.78 0.15625 0.5
1181094533.84 0.03125 0.5
1181096327.59 0.03125 0.5
1181107148.69 0.25 0.5
1181121061.78 0.03125 0.5
1181136385.28 0.03125 0.5
1181138189.81 0.125 0.5
1181156252.44 0.5 0.5
1181178454.16 0.03125 0.5
1181196845.66 0.03125 0.5
1181198308.09 0.03125 0.5
1181202549.28 0.03125 0.5
1181204430.78 0.03125 0.5
1181210137.81 0.125 0.5
1181251373.44 0.5 0.5
1181275898.94 0.0625 0.5
1181285199.53 0.40625 0.5
1181291967.72 0.03125 0.5
1181307524.75 0.1875 0.5
1181333339.34 0.03125 0.5
1181337991.28 0.03125 0.5
1181344948.22 0.03125 0.5
1181349630.09 0.03125 0.5
1181351749.84 0.09375 0.5
1181365064.5 0.4375 0.5
1181392345.5 0.4375 0.5
1181438758.69 0.25 0.5
1181450469.84 0.09375 0.5
1181458098.75 0.1875 0.5
1181479562.41 0.03125 0.5
1181494970.97 0.03125 0.5
1181505039.94 0.0625 0.5
1181506211.31 0.0625 0.5
1181510821.19 0.0625 0.5
1181512145.66 0.03125 0.5
1181514794.34 0.03125 0.5
1181520529.84 0.09375 0.5
1181542920.84 0.03125 0.5
1181554300.91 0.03125 0.5
1181569344.97 0.03125 0.5
1181569443.03 0.03125 0.5
1181600649.88 0.0625 0.5
1181604163.47 0.03125 0.5
1181610892.91 0.03125 0.5
1181612060.66 0.03125 0.5
1181618744.28 0.03125 0.5
1181645082.28 0.03125 0.5
1181647712.97 0.03125 0.5
1181652528.81 0.0625 0.5
1181663064.75 0.1875 0.5
1181673033.03 0.03125 0.5
1181683138.94 0.0625 0.5
1181685726.47 0.03125 0.5
1181689075.88 0.0625 0.5
1181700228.53 0.03125 0.5
1181700566.34 0.03125 0.5
1181720380.66 0.21875 0.5
1181721880.66 0.03125 0.5
1181724463.59 0.03125 0.5
1181730820.66 0.03125 0.5
1181772386.84 0.03125 0.5
1181808083.78 0.03125 0.5
1181808262.5 0.0625 0.5
1181829625.38 0.0625 0.5
1181851862.56 0.375 0.5
1181880552.28 0.03125 0.5
1181889851.72 0.21875 0.5
1181908473.34 0.03125 0.5
1181932977.62 0.0625 0.5
1181938605.34 0.59375 0.5
1181941914.81 0.125 0.5
1181946356.41 0.03125 0.5
1181952266.97 0.03125 0.5
1181954462.41 0.03125 0.5
1181968944.66 0.03125 0.5
1181970036.0 0.0625 0.5
1181983550.84 0.03125 0.5
1181985273.78 0.03125 0.5
1181985275.09 0.03125 0.5
1181988511.84 0.03125 0.5
1181991869.91 0.03125 0.5
1181999373.03 0.03125 0.5
1182031400.31 0.0625 0.5
1182038332.78 0.15625 0.5
1182041714.91 0.03125 0.5
1182214347.88 0.0625 0.5
1182227424.66 0.03125 0.5
1182230930.78 0.03125 0.5
1182238996.78 0.03125 0.5
1182275165.72 0.03125 0.5
1182276944.34 0.03125 0.5
1182294540.91 0.03125 0.5
1182296114.53 0.03125 0.5
1182307186.69 0.25 0.5
1182309177.62 0.0625 0.5
1182310321.84 0.03125 0.5
1182312480.62 0.3125 0.5
1182315561.88 0.0625 0.5
1182330615.34 0.03125 0.5
1182340469.28 0.03125 0.5
1182350178.75 0.1875 0.5
1182369202.22 0.03125 0.5
1182379182.22 0.03125 0.5
1182379635.91 0.03125 0.5
1182386437.41 0.03125 0.5
1182422275.78 0.15625 0.5
1182426065.78 0.15625 0.5
1182442895.78 0.03125 0.5
1182466735.66 0.28125 0.5
1182468881.09 0.03125 0.5
1182471805.66 0.03125 0.5
1182482680.34 0.03125 0.5
1182486765.91 0.28125 0.5
1182493208.16 0.03125 0.5
1182502042.34 0.03125 0.5
1182511415.84 0.03125 0.5
1182513311.5 0.4375 0.5
1182528142.34 0.03125 0.5
1182538733.91 0.03125 0.5
1182549101.16 0.03125 0.5
1182553789.56 0.375 0.5
1182558270.16 0.03125 0.5
1182558446.69 0.25 0.5
1182571215.22 0.03125 0.5
1182596771.59 0.03125 0.5
1182598670.03 0.03125 0.5
1182628521.53 0.40625 0.5
1182634386.88 0.0625 0.5
1182636193.72 0.03125 0.5
1182638468.41 0.03125 0.5
1182639067.22 0.03125 0.5
1182640253.56 0.375 0.5
1182647984.56 0.0625 0.5
1182651947.09 0.03125 0.5
1182652904.53 0.03125 0.5
1182666819.53 0.40625 0.5
1182671465.66 0.03125 0.5
1182674026.03 0.03125 0.5
1182691415.41 0.03125 0.5
1182694816.06 0.0625 0.5
1182708039.34 0.03125 0.5
1182711107.03 0.03125 0.5
1182724778.84 0.03125 0.5
1182732694.84 0.03125 0.5
1182732814.81 0.125 0.5
1182735679.0 0.9375 0.5
1182754556.47 0.03125 0.5
1182774361.97 0.03125 0.5
1182808903.72 0.03125 0.5
1182817955.47 0.03125 0.5
1182822819.62 0.3125 0.5
1182828652.06 0.875 0.5
1182874413.5 0.0625 0.5
1182879433.47 0.34375 0.5
1182887550.91 0.03125 0.5
1182888983.75 0.1875 0.5
1182897726.66 0.28125 0.5
1182928724.69 0.0625 0.5
1182964874.91 0.03125 0.5
1182966985.78 0.03125 0.5
1182967902.91 0.03125 0.5
1182970087.12 0.0625 0.5
1182992672.78 0.15625 0.5
1183000956.59 0.34375 0.5
1183004082.34 0.03125 0.5
1183013653.22 0.03125 0.5
1183015268.28 0.03125 0.5
1183019703.66 0.03125 0.5
1183019814.91 0.03125 0.5
1183021744.47 0.03125 0.5
1183036062.72 0.03125 0.5
1183061141.72 0.03125 0.5
1183074046.34 0.03125 0.5
1183074907.47 0.03125 0.5
1183077855.75 0.0625 0.5
1183079386.41 0.03125 0.5
1183081505.09 0.03125 0.5
1183082574.28 0.03125 0.5
1183083139.66 0.03125 0.5
1183083211.47 0.03125 0.5
1183093430.75 0.1875 0.5
1183105880.47 0.03125 0.5
1183106600.28 0.03125 0.5
1183109414.34 0.03125 0.5
1183125111.28 0.03125 0.5
1183125732.09 0.03125 0.5
1183129600.09 0.03125 0.5
1183137460.16 0.03125 0.5
1183144271.75 0.1875 0.5
1183161885.59 0.03125 0.5
1183162705.47 0.03125 0.5
1183163705.97 0.03125 0.5
1183169081.91 0.03125 0.5
1183169769.66 0.03125 0.5
1183170168.72 0.03125 0.5
1183176183.78 0.03125 0.5
1183178425.06 0.0625 0.5
1183181683.22 0.03125 0.5
1183189714.03 0.15625 0.5
1183198506.34 0.03125 0.5
1183200946.78 0.03125 0.5
1183203937.78 0.03125 0.5
1183205594.28 0.03125 0.5
1183212554.97 0.03125 0.5
1183212771.66 0.03125 0.5
1183220805.03 0.03125 0.5
1183236603.22 0.03125 0.5
1183237971.16 0.03125 0.5
1183238707.91 0.03125 0.5
1183239328.22 0.03125 0.5
1183242195.53 0.03125 0.5
1183245762.72 0.03125 0.5
1183245816.78 0.03125 0.5
1183247089.91 0.03125 0.5
1183251533.56 0.0625 0.5
1183260466.53 0.03125 0.5
1183261356.97 0.03125 0.5
1183261367.19 0.0625 0.5
1183261810.22 0.03125 0.5
1183263313.12 0.0625 0.5
1183268446.41 0.03125 0.5
1183273718.88 0.0625 0.5
1183287663.84 0.03125 0.5
1183288935.25 0.0625 0.5
1183291200.41 0.03125 0.5
1183317487.84 0.03125 0.5
1183320153.03 0.03125 0.5
1183327448.84 0.03125 0.5
1183335378.94 0.0625 0.5
1183335759.47 0.03125 0.5
1183341037.41 0.03125 0.5
1183341418.88 0.25 0.5
1183342616.22 0.03125 0.5
1183350343.59 0.03125 0.5
1183358158.66 0.28125 0.5
1183386999.97 0.03125 0.5
1183402133.22 0.03125 0.5
1183408340.41 0.03125 0.5
1183418520.66 0.28125 0.5
1183423278.72 0.03125 0.5
1183424688.03 0.03125 0.5
1183440228.84 0.03125 0.5
1183442154.97 0.03125 0.5
1183442539.97 0.03125 0.5
1183490404.09 0.03125 0.5
1183500573.09 0.03125 0.5
1183501395.22 0.03125 0.5
1183502121.41 0.03125 0.5
1183503950.66 0.03125 0.5
1183513319.88 0.0625 0.5
1183518763.59 0.03125 0.5
1183534321.47 0.03125 0.5
1183537871.09 0.03125 0.5
1183538060.91 0.03125 0.5
1183543338.34 0.03125 0.5
1183548517.28 0.03125 0.5
1183563378.59 0.03125 0.5
1183565922.22 0.03125 0.5
1183578340.72 0.03125 0.5
1183581055.56 0.375 0.5
1183586422.34 0.03125 0.5
1183587878.84 0.09375 0.5
1183592920.81 0.125 0.5
1183594896.91 0.03125 0.5
1183596316.66 0.03125 0.5
1183609085.22 0.03125 0.5
1183616181.84 0.09375 0.5
1183618653.91 1.03125 0.5
1183629191.03 0.03125 0.5
1183635995.53 0.03125 0.5
1183643460.47 0.03125 0.5
1183654848.75 0.1875 0.5
1183665798.53 0.03125 0.5
1183667646.66 0.03125 0.5
1183667728.97 0.03125 0.5
1183668379.78 0.03125 0.5
1183669067.47 0.03125 0.5
1183669331.59 0.03125 0.5
1183675228.06 0.0625 0.5
1183711707.47 0.03125 0.5
1183712933.75 0.1875 0.5
1183719789.09 0.03125 0.5
1183732107.66 0.03125 0.5
1183733633.41 0.15625 0.5
1183746717.5 0.0625 0.5
1183749148.41 0.03125 0.5
1183757330.84 0.09375 0.5
1183763540.5 0.4375 0.5
1183793973.66 0.28125 0.5
1183810606.72 0.03125 0.5
1183811353.09 0.03125 0.5
1183813457.72 0.21875 0.5
1183848889.16 0.03125 0.5
1183856902.47 0.03125 0.5
1183861132.28 0.46875 0.5
1183884734.22 0.03125 0.5
1183892769.47 0.03125 0.5
1183899521.41 0.03125 0.5
1183900245.72 0.03125 0.5
1183904693.66 0.03125 0.5
1183912798.38 0.125 0.5
1183914191.44 0.0625 0.5
1183914220.28 0.03125 0.5
1183945198.16 0.03125 0.5
1183953969.62 0.3125 0.5
1183997728.09 0.03125 0.5
1184009271.84 0.03125 0.5
1184012739.34 0.03125 0.5
1184013011.66 0.03125 0.5
1184014989.56 0.375 0.5
1184017854.47 1.46875 0.5
1184020471.75 0.1875 0.5
1184024150.41 0.53125 0.5
1184028927.03 0.03125 0.5
1184049139.66 0.03125 0.5
1184052546.66 0.03125 0.5
1184062845.47 0.03125 0.5
1184083153.5 0.0625 0.5
1184088532.78 0.03125 0.5
1184095574.09 0.03125 0.5
1184096725.22 0.03125 0.5
1184097083.22 0.03125 0.5
1184104097.66 0.03125 0.5
1184104280.41 0.03125 0.5
1184108468.91 0.03125 0.5
1184136839.09 0.03125 0.5
1184137867.81 0.125 0.5
1184156046.09 0.03125 0.5
1184207375.03 0.03125 0.5
1184222702.66 0.28125 0.5
1184229348.91 0.03125 0.5
1184236453.06 0.0625 0.5
1184247257.72 0.03125 0.5
1184256426.41 0.03125 0.5
1184261698.53 0.03125 0.5
1184263392.75 0.1875 0.5
1184273533.22 0.03125 0.5
1184276213.5 0.0625 0.5
1184281218.09 0.03125 0.5
1184284314.44 0.0625 0.5
1184286022.34 0.21875 0.5
1184288465.53 0.03125 0.5
1184289445.47 0.03125 0.5
1184292365.47 0.03125 0.5
1184292945.62 0.3125 0.5
1184299285.72 0.03125 0.5
1184305866.84 0.03125 0.5
1184318914.97 0.03125 0.5
1184326024.56 0.375 0.5
1184362929.69 0.25 0.5
1184367501.22 0.03125 0.5
1184370377.88 0.0625 0.5
1184421031.47 1.46875 0.5
1184452888.72 0.03125 0.5
1184452914.91 0.03125 0.5
1184457736.16 0.03125 0.5
1184470278.47 0.03125 0.5
1184475185.84 0.09375 0.5
1184481489.91 0.03125 0.5
1184492006.84 0.03125 0.5
1184493693.16 0.03125 0.5
1184496378.94 0.0625 0.5
1184500940.22 0.03125 0.5
1184512076.59 0.09375 0.5
1184517508.47 0.03125 0.5
1184520411.94 0.0625 0.5
1184529007.16 0.03125 0.5
1184535382.16 0.03125 0.5
1184537645.28 0.03125 0.5
1184539879.97 0.03125 0.5
1184539989.72 0.03125 0.5
1184541268.78 0.03125 0.5
1184543117.16 0.03125 0.5
1184545406.34 0.03125 0.5
1184549014.34 0.03125 0.5
1184550053.94 0.0625 0.5
1184550432.09 0.03125 0.5
1184554308.91 0.03125 0.5
1184558104.66 0.28125 0.5
1184576355.41 0.03125 0.5
1184578296.0 0.0625 0.5
1184599223.09 0.03125 0.5
1184603670.78 0.03125 0.5
1184605540.66 0.03125 0.5
1184605908.59 0.03125 0.5
1184608565.41 0.53125 0.5
1184612979.81 0.125 0.5
1184614974.78 0.03125 0.5
1184616705.03 0.03125 0.5
1184624918.0 0.0625 0.5
1184625909.31 0.0625 0.5
1184625911.59 0.34375 0.5
1184678867.16 0.03125 0.5
1184682632.25 0.0625 0.5
1184697949.22 0.03125 0.5
1184700827.91 0.03125 0.5
1184703592.22 0.03125 0.5
1184704836.53 0.03125 0.5
1184706620.03 0.03125 0.5
1184706734.28 0.03125 0.5
1184713142.34 0.03125 0.5
1184714378.97 0.03125 0.5
1184722682.59 0.03125 0.5
1184725606.88 0.0625 0.5
1184731674.22 0.03125 0.5
1184734468.47 0.46875 0.5
1184739435.19 0.3125 0.5
1184749369.0 0.0625 0.5
1184753516.88 0.0625 0.5
1184769176.5 0.4375 0.5
1184784414.16 0.03125 0.5
1184784544.66 1.28125 0.5
1184799679.41 0.03125 0.5
1184814721.06 0.0625 0.5
1184815135.03 0.03125 0.5
1184816442.84 0.09375 0.5
1184823430.41 0.03125 0.5
1184825716.72 0.03125 0.5
1184828731.41 0.03125 0.5
1184828818.59 0.03125 0.5
1184844616.84 0.03125 0.5
1184844941.84 0.03125 0.5
1184853331.59 0.03125 0.5
1184885955.97 0.03125 0.5
1184889563.84 0.03125 0.5
1184894769.78 0.03125 0.5
1184901775.78 0.03125 0.5
1184908141.47 0.03125 0.5
1184914221.62 0.3125 0.5
1184919466.22 0.03125 0.5
1184921196.75 0.0625 0.5
1184925220.09 0.34375 0.5
1184951051.78 0.21875 0.5
1184951223.91 0.03125 0.5
1184955278.09 0.03125 0.5
1184972637.78 0.03125 0.5
1184974417.16 0.03125 0.5
1184980234.59 0.34375 0.5
1185003155.28 0.03125 0.5
1185007702.22 0.03125 0.5
1185009759.84 0.03125 0.5
1185011196.69 0.25 0.5
1185015148.09 0.03125 0.5
1185018150.09 0.03125 0.5
1185022930.53 0.03125 0.5
1185025900.31 0.0625 0.5
1185027835.69 0.25 0.5
1185047719.34 0.59375 0.5
1185078065.44 0.5 0.5
1185103503.84 0.03125 0.5
1185118178.41 0.03125 0.5
1185121755.78 0.03125 0.5
1185123483.41 0.03125 0.5
1185146831.78 0.03125 0.5
1185147890.84 0.03125 0.5
1185148695.28 0.03125 0.5
1185152202.06 0.0625 0.5
1185153571.22 0.03125 0.5
1185154706.66 0.03125 0.5
1185158031.5 0.0625 0.5
1185160871.91 0.03125 0.5
1185185212.09 0.03125 0.5
1185190071.97 0.03125 0.5
1185194203.41 0.03125 0.5
1185196301.59 0.03125 0.5
1185200042.16 0.03125 0.5
1185209257.81 0.125 0.5
1185212382.69 0.25 0.5
1185229357.78 0.03125 0.5
1185230902.81 0.125 0.5
1185234531.09 0.03125 0.5
1185236634.0 0.0625 0.5
1185239424.28 0.03125 0.5
1185244211.59 0.03125 0.5
1185246180.41 0.03125 0.5
1185253929.59 0.03125 0.5
1185259109.94 0.0625 0.5
1185276875.34 0.03125 0.5
1185282236.78 0.03125 0.5
1185289318.53 0.03125 0.5
1185303738.91 0.03125 0.5
1185309083.91 0.03125 0.5
1185318303.47 0.03125 0.5
1185318594.72 0.21875 0.5
1185320421.03 0.03125 0.5
1185320527.22 0.03125 0.5
1185321920.97 0.03125 0.5
1185322864.88 0.0625 0.5
1185326280.53 0.40625 0.5
1185331166.69 0.0625 0.5
1185331592.22 0.03125 0.5
1185348605.16 0.09375 0.5
1185354899.41 0.03125 0.5
1185358445.66 0.03125 0.5
1185363442.28 0.03125 0.5
1185367391.28 0.03125 0.5
1185380562.88 0.0625 0.5
1185401205.78 0.03125 0.5
1185406983.25 0.0625 0.5
1185413302.66 0.03125 0.5
1185427256.72 0.03125 0.5
1185440262.81 0.0625 0.5
1185441006.59 0.03125 0.5
1185445345.78 0.03125 0.5
1185454500.91 0.03125 0.5
1185462005.69 0.0625 0.5
1185464556.56 0.0625 0.5
1185486312.03 0.03125 0.5
1185489042.16 0.28125 0.5
1185492645.84 0.03125 0.5
1185493490.78 0.15625 0.5
1185503372.84 0.03125 0.5
1185505166.66 0.03125 0.5
1185505303.03 0.03125 0.5
1185509873.75 0.1875 0.5
1185533608.34 0.09375 0.5
1185535314.28 0.03125 0.5
1185536555.97 0.03125 0.5
1185564926.97 0.03125 0.5
1185569738.22 0.03125 0.5
1185586512.78 0.03125 0.5
1185587424.34 0.03125 0.5
1185590141.84 0.03125 0.5
1185591608.53 0.09375 0.5
1185597463.78 0.03125 0.5
1185599708.28 0.03125 0.5
1185607879.34 0.03125 0.5
1185610918.84 0.03125 0.5
1185618201.47 0.03125 0.5
1185632045.81 0.125 0.5
1185678203.16 0.03125 0.5
1185686038.59 0.34375 0.5
1185690809.56 0.0625 0.5
1185692845.78 0.15625 0.5
1185703718.53 0.40625 0.5
1185707052.41 0.09375 0.5
1185714096.88 0.0625 0.5
1185725683.59 0.34375 0.5
1185744970.78 0.71875 0.5
1185744977.59 0.65625 0.5
1185753238.03 0.03125 0.5
1185764512.84 0.09375 0.5
1185769459.34 0.15625 0.5
1185769464.31 0.0625 0.5
1185770232.41 0.03125 0.5
1185775021.03 0.03125 0.5
1185776776.16 0.03125 0.5
1185782332.84 0.03125 0.5
1185790202.78 0.03125 0.5
1185791512.91 0.03125 0.5
1185802383.09 0.03125 0.5
1185803742.34 0.03125 0.5
1185808745.47 0.03125 0.5
1185823986.53 0.03125 0.5
1185827088.72 0.03125 0.5
1185844624.78 0.03125 0.5
1185852418.78 0.15625 0.5
1185857197.84 0.09375 0.5
1185864699.09 0.03125 0.5
1185868715.28 0.03125 0.5
1185871412.34 0.03125 0.5
1185872183.53 0.03125 0.5
1185872287.34 0.03125 0.5
1185909699.91 0.03125 0.5
1185929119.28 0.03125 0.5
1185931689.78 0.03125 0.5
1185935706.28 0.03125 0.5
1185936045.28 0.03125 0.5
1185936849.84 0.09375 0.5
1185942843.03 0.03125 0.5
1185946830.28 0.03125 0.5
1185961203.75 0.1875 0.5
1185964976.41 0.03125 0.5
1185970029.53 0.03125 0.5
1185980350.34 0.03125 0.5
1185986910.47 0.03125 0.5
1185987012.25 0.1875 0.5
1185999077.88 0.0625 0.5
1186004920.84 0.03125 0.5
1186036717.25 0.0625 0.5
1186038785.16 0.03125 0.5
1186049254.75 0.0625 0.5
1186054460.91 0.03125 0.5
1186061166.84 0.09375 0.5
1186063420.59 0.03125 0.5
1186079151.34 0.03125 0.5
1186095023.72 0.21875 0.5
1186097843.69 0.25 0.5
1186102208.03 0.03125 0.5
1186105833.22 0.03125 0.5
1186107560.62 0.3125 0.5
1186119408.78 0.15625 0.5
1186135343.72 0.03125 0.5
1186145407.66 0.03125 0.5
1186154986.84 0.03125 0.5
1186155799.72 0.03125 0.5
1186156502.22 0.03125 0.5
1186164816.28 0.03125 0.5
1186187356.03 0.03125 0.5
1186201222.56 0.375 0.5
1186225653.66 0.03125 0.5
1186235397.56 0.375 0.5
1186258462.59 0.03125 0.5
1186261316.53 0.03125 0.5
1186272464.81 0.125 0.5
1186282060.31 0.0625 0.5
1186288948.28 0.03125 0.5
1186300855.03 0.03125 0.5
1186308141.22 0.03125 0.5
1186315010.41 0.03125 0.5
1186348311.34 0.03125 0.5
1186375641.03 0.03125 0.5
1186392017.94 0.0625 0.5
1186411784.41 0.03125 0.5
1186439127.16 0.03125 0.5
1186440156.97 0.03125 0.5
1186447603.16 0.03125 0.5
1186448860.47 0.03125 0.5
1186460394.72 0.21875 0.5
1186485160.03 0.03125 0.5
1186490406.62 0.3125 0.5
1186496032.28 0.03125 0.5
1186521237.97 0.03125 0.5
1186528325.12 0.8125 0.5
1186536611.47 0.03125 0.5
1186543767.34 0.03125 0.5
1186561211.88 0.0625 0.5
1186610818.34 0.03125 0.5
1186621177.69 0.25 0.5
1186653626.09 0.03125 0.5
1186654165.03 0.03125 0.5
1186668198.69 0.25 0.5
1186679838.62 0.3125 0.5
1186686934.72 0.03125 0.5
1186691156.12 0.0625 0.5
1186694321.81 0.125 0.5
1186702634.78 0.03125 0.5
1186706279.03 0.40625 0.5
1186707552.91 0.03125 0.5
1186713603.28 0.03125 0.5
1186719877.56 0.375 0.5
1186733723.88 0.0625 0.5
1186753922.62 0.0625 0.5
1186759627.22 0.03125 0.5
1186767949.69 0.25 0.5
1186803492.03 0.03125 0.5
1186818070.56 0.375 0.5
1186866238.5 0.4375 0.5
1186873380.72 0.03125 0.5
1186879648.97 0.03125 0.5
1186883892.09 0.03125 0.5
1186884183.22 0.03125 0.5
1186885739.72 0.03125 0.5
1186893400.81 0.125 0.5
1186899233.28 0.03125 0.5
1186919937.22 0.03125 0.5
1186929801.31 0.0625 0.5
1186973323.84 0.03125 0.5
1186973338.12 0.0625 0.5
1186989396.41 0.03125 0.5
1186995888.53 0.03125 0.5
1186999666.12 0.0625 0.5
1187001385.75 0.1875 0.5
1187008881.41 0.03125 0.5
1187037737.97 0.03125 0.5
1187038378.03 0.03125 0.5
1187039545.62 0.3125 0.5
1187048800.91 0.03125 0.5
1187052167.62 0.3125 0.5
1187057480.91 0.03125 0.5
1187057868.94 0.0625 0.5
1187061746.62 0.3125 0.5
1187073895.97 0.03125 0.5
1187074325.88 0.0625 0.5
1187077371.41 0.03125 0.5
1187118292.34 0.03125 0.5
1187123666.97 0.03125 0.5
1187124170.59 0.34375 0.5
1187129576.34 0.03125 0.5
1187130775.97 0.03125 0.5
1187131516.0 0.0625 0.5
1187131517.34 0.03125 0.5
1187144702.84 0.09375 0.5
1187157377.09 0.03125 0.5
1187159328.22 0.03125 0.5
1187163355.09 0.03125 0.5
1187168180.22 0.03125 0.5
1187175716.22 0.03125 0.5
1187182994.38 0.0625 0.5
1187188385.16 0.03125 0.5
1187209101.47 0.03125 0.5
1187209116.97 0.03125 0.5
1187211659.41 0.03125 0.5
1187223083.22 0.03125 0.5
1187225087.53 0.40625 0.5
1187235597.62 0.0625 0.5
1187244600.47 0.46875 0.5
1187258960.91 0.03125 0.5
1187259437.97 0.03125 0.5
1187260231.81 0.0625 0.5
1187265109.22 0.03125 0.5
1187266642.34 0.03125 0.5
1187269104.66 0.03125 0.5
1187270093.09 0.03125 0.5
1187300386.66 0.28125 0.5
1187307749.5 1.4375 0.5
1187312023.75 0.1875 0.5
1187341217.44 0.125 0.5
1187343446.72 0.03125 0.5
1187345953.41 0.03125 0.5
1187352816.09 0.03125 0.5
1187353746.5 0.4375 0.5
1187360179.66 0.28125 0.5
1187377515.47 0.03125 0.5
1187377600.41 0.03125 0.5
1187378189.53 0.03125 0.5
1187389428.41 0.03125 0.5
1187395867.72 0.03125 0.5
1187400053.66 0.03125 0.5
1187412126.34 0.03125 0.5
1187424971.78 0.03125 0.5
1187432723.12 0.0625 0.5
1187436653.44 0.0625 0.5
1187440054.03 0.03125 0.5
1187440263.72 0.03125 0.5
1187470182.53 0.03125 0.5
1187475647.03 0.03125 0.5
1187495555.97 0.03125 0.5
1187505982.59 0.03125 0.5
1187517066.72 0.21875 0.5
1187538375.16 0.03125 0.5
1187569698.53 0.03125 0.5
1187570740.84 0.03125 0.5
1187576994.66 0.03125 0.5
1187577022.16 0.03125 0.5
1187578752.19 0.0625 0.5
1187594271.16 0.03125 0.5
1187600983.84 0.09375 0.5
1187604097.78 0.15625 0.5
1187607050.53 0.03125 0.5
1187608418.41 0.03125 0.5
1187610697.28 0.03125 0.5
1187617292.59 0.34375 0.5
1187620956.22 0.03125 0.5
1187629471.72 0.03125 0.5
1187631611.47 0.03125 0.5
1187637495.47 0.03125 0.5
1187641950.53 0.03125 0.5
1187642555.03 0.03125 0.5
1187649343.38 0.0625 0.5
1187649672.47 0.03125 0.5
1187660677.62 0.3125 0.5
1187664894.75 0.1875 0.5
1187670448.34 0.03125 0.5
1187676350.03 0.03125 0.5
1187681889.72 0.03125 0.5
1187693290.88 0.0625 0.5
1187732921.03 0.03125 0.5
1187738487.91 0.03125 0.5
1187740095.97 0.03125 0.5
