1.002306e+001  3.040250e-021
1.004617e+001  2.981725e-021
1.006934e+001  2.925924e-021
1.009256e+001  2.872653e-021
1.011583e+001  2.821736e-021
1.013916e+001  2.773015e-021
1.016254e+001  2.726342e-021
1.018598e+001  2.681583e-021
1.020947e+001  2.638616e-021
1.023301e+001  2.597328e-021
1.025661e+001  2.557615e-021
1.028026e+001  2.519381e-021
1.030396e+001  2.482537e-021
1.032773e+001  2.447003e-021
1.035154e+001  2.412703e-021
1.037541e+001  2.379566e-021
1.039934e+001  2.347529e-021
1.042332e+001  2.316530e-021
1.044735e+001  2.286513e-021
1.047145e+001  2.257427e-021
1.049559e+001  2.229223e-021
1.051980e+001  2.201855e-021
1.054406e+001  2.175282e-021
1.056837e+001  2.149463e-021
1.059274e+001  2.124362e-021
1.061717e+001  2.099944e-021
1.064165e+001  2.076177e-021
1.066619e+001  2.053030e-021
1.069079e+001  2.030474e-021
1.071544e+001  2.008483e-021
1.074015e+001  1.987032e-021
1.076492e+001  1.966096e-021
1.078974e+001  1.945654e-021
1.081462e+001  1.925684e-021
1.083956e+001  1.906166e-021
1.086456e+001  1.887082e-021
1.088961e+001  1.868413e-021
1.091472e+001  1.850144e-021
1.093989e+001  1.832258e-021
1.096512e+001  1.814740e-021
1.099040e+001  1.797576e-021
1.101575e+001  1.780753e-021
1.104115e+001  1.764257e-021
1.106661e+001  1.748077e-021
1.109213e+001  1.732202e-021
1.111771e+001  1.716619e-021
1.114335e+001  1.701320e-021
1.116904e+001  1.686293e-021
1.119480e+001  1.671530e-021
1.122062e+001  1.657022e-021
1.124649e+001  1.642759e-021
1.127242e+001  1.628735e-021
1.129842e+001  1.614942e-021
1.132447e+001  1.601371e-021
1.135059e+001  1.588016e-021
1.137676e+001  1.574870e-021
1.140300e+001  1.561927e-021
1.142929e+001  1.549181e-021
1.145565e+001  1.536625e-021
1.148207e+001  1.524254e-021
1.150854e+001  1.512063e-021
1.153508e+001  1.500047e-021
1.156168e+001  1.488201e-021
1.158834e+001  1.476519e-021
1.161507e+001  1.464998e-021
1.164185e+001  1.453633e-021
1.166870e+001  1.442419e-021
1.169560e+001  1.431354e-021
1.172257e+001  1.420432e-021
1.174961e+001  1.409651e-021
1.177670e+001  1.399007e-021
1.180386e+001  1.388496e-021
1.183108e+001  1.378116e-021
1.185836e+001  1.367862e-021
1.188571e+001  1.357732e-021
1.191312e+001  1.347723e-021
1.194059e+001  1.337832e-021
1.196812e+001  1.328057e-021
1.199572e+001  1.318394e-021
1.202338e+001  1.308842e-021
1.205111e+001  1.299398e-021
1.207890e+001  1.290059e-021
1.210675e+001  1.280823e-021
1.213467e+001  1.271688e-021
1.216265e+001  1.262652e-021
1.219070e+001  1.253713e-021
1.221881e+001  1.244869e-021
1.224699e+001  1.236118e-021
1.227523e+001  1.227458e-021
1.230354e+001  1.218887e-021
1.233191e+001  1.210404e-021
1.236035e+001  1.202007e-021
1.238885e+001  1.193694e-021
1.241742e+001  1.185463e-021
1.244605e+001  1.177314e-021
1.247475e+001  1.169244e-021
1.250352e+001  1.161253e-021
1.253235e+001  1.153339e-021
1.256125e+001  1.145500e-021
1.259022e+001  1.137735e-021
1.261925e+001  1.130043e-021
1.264835e+001  1.122423e-021
1.267752e+001  1.114873e-021
1.270676e+001  1.107392e-021
1.273606e+001  1.099980e-021
1.276543e+001  1.092635e-021
1.279486e+001  1.085355e-021
1.282437e+001  1.078141e-021
1.285394e+001  1.070991e-021
1.288358e+001  1.063903e-021
1.291329e+001  1.056877e-021
1.294307e+001  1.049913e-021
1.297292e+001  1.043009e-021
1.300283e+001  1.036163e-021
1.303282e+001  1.029376e-021
1.306287e+001  1.022647e-021
1.309300e+001  1.015974e-021
1.312319e+001  1.009358e-021
1.315345e+001  1.002796e-021
1.318378e+001  9.962887e-022
1.321418e+001  9.898349e-022
1.324466e+001  9.834340e-022
1.327520e+001  9.770853e-022
1.330581e+001  9.707880e-022
1.333649e+001  9.645414e-022
1.336725e+001  9.583450e-022
1.339807e+001  9.521980e-022
1.342897e+001  9.460998e-022
1.345994e+001  9.400498e-022
1.349098e+001  9.340474e-022
1.352209e+001  9.280921e-022
1.355327e+001  9.221831e-022
1.358452e+001  9.163200e-022
1.361585e+001  9.105022e-022
1.364725e+001  9.047291e-022
1.367872e+001  8.990003e-022
1.371026e+001  8.933151e-022
1.374188e+001  8.876731e-022
1.377356e+001  8.820739e-022
1.380533e+001  8.765168e-022
1.383716e+001  8.710014e-022
1.386907e+001  8.655273e-022
1.390105e+001  8.600939e-022
1.393311e+001  8.547009e-022
1.396524e+001  8.493477e-022
1.399744e+001  8.440340e-022
1.402972e+001  8.387594e-022
1.406207e+001  8.335233e-022
1.409450e+001  8.283253e-022
1.412700e+001  8.231652e-022
1.415958e+001  8.180424e-022
1.419223e+001  8.129567e-022
1.422496e+001  8.079075e-022
1.425776e+001  8.028946e-022
1.429064e+001  7.979175e-022
1.432359e+001  7.929759e-022
1.435662e+001  7.880695e-022
1.438973e+001  7.831978e-022
1.442291e+001  7.783606e-022
1.445617e+001  7.735575e-022
1.448951e+001  7.687881e-022
1.452292e+001  7.640522e-022
1.455641e+001  7.593494e-022
1.458998e+001  7.546794e-022
1.462362e+001  7.500419e-022
1.465735e+001  7.454365e-022
1.469115e+001  7.408630e-022
1.472502e+001  7.363211e-022
1.475898e+001  7.318105e-022
1.479301e+001  7.273308e-022
1.482713e+001  7.228819e-022
1.486132e+001  7.184634e-022
1.489559e+001  7.140750e-022
1.492994e+001  7.097165e-022
1.496437e+001  7.053876e-022
1.499888e+001  7.010880e-022
1.503346e+001  6.968175e-022
1.506813e+001  6.925758e-022
1.510288e+001  6.883627e-022
1.513770e+001  6.841780e-022
1.517261e+001  6.800212e-022
1.520760e+001  6.758924e-022
1.524267e+001  6.717911e-022
1.527782e+001  6.677171e-022
1.531305e+001  6.636703e-022
1.534836e+001  6.596503e-022
1.538375e+001  6.556571e-022
1.541923e+001  6.516902e-022
1.545479e+001  6.477496e-022
1.549043e+001  6.438350e-022
1.552615e+001  6.399461e-022
1.556195e+001  6.360828e-022
1.559784e+001  6.322449e-022
1.563380e+001  6.284321e-022
1.566986e+001  6.246443e-022
1.570599e+001  6.208812e-022
1.574221e+001  6.171427e-022
1.577851e+001  6.134285e-022
1.581490e+001  6.097384e-022
1.585137e+001  6.060723e-022
1.588792e+001  6.024300e-022
1.592456e+001  5.988113e-022
1.596128e+001  5.952159e-022
1.599809e+001  5.916438e-022
1.603498e+001  5.880947e-022
1.607195e+001  5.845684e-022
1.610902e+001  5.810648e-022
1.614616e+001  5.775837e-022
1.618340e+001  5.741250e-022
1.622072e+001  5.706883e-022
1.625812e+001  5.672737e-022
1.629561e+001  5.638809e-022
1.633319e+001  5.605097e-022
1.637085e+001  5.571600e-022
1.640861e+001  5.538317e-022
1.644644e+001  5.505245e-022
1.648437e+001  5.472383e-022
1.652238e+001  5.439729e-022
1.656048e+001  5.407282e-022
1.659867e+001  5.375041e-022
1.663695e+001  5.343003e-022
1.667531e+001  5.311168e-022
1.671377e+001  5.279534e-022
1.675231e+001  5.248099e-022
1.679094e+001  5.216862e-022
1.682966e+001  5.185822e-022
1.686847e+001  5.154976e-022
1.690737e+001  5.124324e-022
1.694636e+001  5.093864e-022
1.698544e+001  5.063596e-022
1.702460e+001  5.033516e-022
1.706386e+001  5.003625e-022
1.710321e+001  4.973920e-022
1.714265e+001  4.944401e-022
1.718218e+001  4.915066e-022
1.722181e+001  4.885914e-022
1.726152e+001  4.856943e-022
1.730132e+001  4.828152e-022
1.734122e+001  4.799541e-022
1.738121e+001  4.771107e-022
1.742129e+001  4.742849e-022
1.746147e+001  4.714767e-022
1.750173e+001  4.686858e-022
1.754209e+001  4.659122e-022
1.758254e+001  4.631558e-022
1.762309e+001  4.604164e-022
1.766373e+001  4.576939e-022
1.770446e+001  4.549883e-022
1.774529e+001  4.522993e-022
1.778621e+001  4.496269e-022
1.782722e+001  4.469709e-022
1.786833e+001  4.443313e-022
1.790954e+001  4.417079e-022
1.795084e+001  4.391006e-022
1.799223e+001  4.365093e-022
1.803372e+001  4.339340e-022
1.807531e+001  4.313744e-022
1.811699e+001  4.288305e-022
1.815877e+001  4.263022e-022
1.820064e+001  4.237893e-022
1.824261e+001  4.212918e-022
1.828468e+001  4.188096e-022
1.832684e+001  4.163426e-022
1.836911e+001  4.138906e-022
1.841147e+001  4.114536e-022
1.845392e+001  4.090314e-022
1.849648e+001  4.066240e-022
1.853913e+001  4.042313e-022
1.858188e+001  4.018531e-022
1.862473e+001  3.994894e-022
1.866768e+001  3.971400e-022
1.871073e+001  3.948049e-022
1.875388e+001  3.924841e-022
1.879712e+001  3.901773e-022
1.884047e+001  3.878844e-022
1.888391e+001  3.856055e-022
1.892746e+001  3.833405e-022
1.897111e+001  3.810891e-022
1.901486e+001  3.788514e-022
1.905870e+001  3.766272e-022
1.910265e+001  3.744164e-022
1.914670e+001  3.722190e-022
1.919086e+001  3.700349e-022
1.923511e+001  3.678640e-022
1.927947e+001  3.657062e-022
1.932393e+001  3.635614e-022
1.936849e+001  3.614296e-022
1.941315e+001  3.593106e-022
1.945792e+001  3.572043e-022
1.950279e+001  3.551108e-022
1.954776e+001  3.530299e-022
1.959284e+001  3.509615e-022
1.963802e+001  3.489055e-022
1.968331e+001  3.468619e-022
1.972870e+001  3.448305e-022
1.977419e+001  3.428114e-022
1.981979e+001  3.408044e-022
1.986549e+001  3.388095e-022
1.991130e+001  3.368265e-022
1.995722e+001  3.348554e-022
2.000324e+001  3.328961e-022
2.004937e+001  3.309486e-022
2.009560e+001  3.290128e-022
2.014194e+001  3.270885e-022
2.018839e+001  3.251758e-022
2.023495e+001  3.232745e-022
2.028161e+001  3.213845e-022
2.032838e+001  3.195059e-022
2.037525e+001  3.176385e-022
2.042224e+001  3.157823e-022
2.046933e+001  3.139372e-022
2.051654e+001  3.121030e-022
2.056385e+001  3.102799e-022
2.061127e+001  3.084676e-022
2.065880e+001  3.066661e-022
2.070644e+001  3.048754e-022
2.075419e+001  3.030953e-022
2.080205e+001  3.013259e-022
2.085001e+001  2.995670e-022
2.089810e+001  2.978186e-022
2.094629e+001  2.960805e-022
2.099459e+001  2.943529e-022
2.104300e+001  2.926355e-022
2.109153e+001  2.909283e-022
2.114016e+001  2.892313e-022
2.118891e+001  2.875444e-022
2.123778e+001  2.858675e-022
2.128675e+001  2.842005e-022
2.133584e+001  2.825435e-022
2.138504e+001  2.808963e-022
2.143435e+001  2.792589e-022
2.148378e+001  2.776312e-022
2.153332e+001  2.760131e-022
2.158298e+001  2.744047e-022
2.163275e+001  2.728058e-022
2.168263e+001  2.712164e-022
2.173263e+001  2.696364e-022
2.178275e+001  2.680658e-022
2.183298e+001  2.665044e-022
2.188333e+001  2.649524e-022
2.193379e+001  2.634095e-022
2.198437e+001  2.618757e-022
2.203507e+001  2.603510e-022
2.208588e+001  2.588354e-022
2.213681e+001  2.573287e-022
2.218786e+001  2.558309e-022
2.223902e+001  2.543420e-022
2.229031e+001  2.528619e-022
2.234171e+001  2.513905e-022
2.239323e+001  2.499278e-022
2.244487e+001  2.484738e-022
2.249663e+001  2.470283e-022
2.254850e+001  2.455914e-022
2.260050e+001  2.441630e-022
2.265262e+001  2.427430e-022
2.270485e+001  2.413314e-022
2.275721e+001  2.399281e-022
2.280969e+001  2.385331e-022
2.286229e+001  2.371463e-022
2.291501e+001  2.357677e-022
2.296785e+001  2.343972e-022
2.302082e+001  2.330348e-022
2.307390e+001  2.316804e-022
2.312711e+001  2.303340e-022
2.318044e+001  2.289955e-022
2.323390e+001  2.276649e-022
2.328747e+001  2.263422e-022
2.334117e+001  2.250272e-022
2.339500e+001  2.237200e-022
2.344895e+001  2.224205e-022
2.350302e+001  2.211286e-022
2.355722e+001  2.198443e-022
2.361154e+001  2.185676e-022
2.366599e+001  2.172984e-022
2.372057e+001  2.160366e-022
2.377527e+001  2.147822e-022
2.383009e+001  2.135353e-022
2.388504e+001  2.122956e-022
2.394012e+001  2.110633e-022
2.399533e+001  2.098381e-022
2.405066e+001  2.086202e-022
2.410612e+001  2.074094e-022
2.416171e+001  2.062058e-022
2.421743e+001  2.050092e-022
2.427327e+001  2.038196e-022
2.432925e+001  2.026370e-022
2.438535e+001  2.014614e-022
2.444159e+001  2.002926e-022
2.449795e+001  1.991307e-022
2.455444e+001  1.979756e-022
2.461106e+001  1.968273e-022
2.466782e+001  1.956857e-022
2.472470e+001  1.945508e-022
2.478172e+001  1.934226e-022
2.483886e+001  1.923010e-022
2.489614e+001  1.911859e-022
2.495355e+001  1.900774e-022
2.501110e+001  1.889754e-022
2.506877e+001  1.878798e-022
2.512658e+001  1.867907e-022
2.518452e+001  1.857079e-022
2.524260e+001  1.846314e-022
2.530081e+001  1.835613e-022
2.535915e+001  1.824974e-022
2.541763e+001  1.814398e-022
2.547624e+001  1.803883e-022
2.553499e+001  1.793430e-022
2.559388e+001  1.783039e-022
2.565289e+001  1.772707e-022
2.571205e+001  1.762437e-022
2.577134e+001  1.752226e-022
2.583077e+001  1.742075e-022
2.589034e+001  1.731984e-022
2.595004e+001  1.721951e-022
2.600988e+001  1.711977e-022
2.606986e+001  1.702062e-022
2.612998e+001  1.692204e-022
2.619023e+001  1.682404e-022
2.625063e+001  1.672661e-022
2.631116e+001  1.662975e-022
2.637184e+001  1.653346e-022
2.643265e+001  1.643773e-022
2.649360e+001  1.634256e-022
2.655470e+001  1.624794e-022
2.661593e+001  1.615388e-022
2.667731e+001  1.606037e-022
2.673883e+001  1.596740e-022
2.680049e+001  1.587497e-022
2.686229e+001  1.578309e-022
2.692424e+001  1.569174e-022
2.698632e+001  1.560092e-022
2.704855e+001  1.551063e-022
2.711093e+001  1.542087e-022
2.717345e+001  1.533163e-022
2.723611e+001  1.524292e-022
2.729891e+001  1.515472e-022
2.736187e+001  1.506703e-022
2.742496e+001  1.497986e-022
2.748821e+001  1.489320e-022
2.755159e+001  1.480704e-022
2.761513e+001  1.472138e-022
2.767881e+001  1.463622e-022
2.774264e+001  1.455156e-022
2.780661e+001  1.446739e-022
2.787073e+001  1.438371e-022
2.793500e+001  1.430052e-022
2.799942e+001  1.421782e-022
2.806399e+001  1.413559e-022
2.812870e+001  1.405385e-022
2.819357e+001  1.397258e-022
2.825858e+001  1.389179e-022
2.832375e+001  1.381146e-022
2.838906e+001  1.373160e-022
2.845453e+001  1.365221e-022
2.852014e+001  1.357328e-022
2.858591e+001  1.349481e-022
2.865183e+001  1.341680e-022
2.871790e+001  1.333924e-022
2.878413e+001  1.326213e-022
2.885050e+001  1.318547e-022
2.891703e+001  1.310926e-022
2.898372e+001  1.303349e-022
2.905055e+001  1.295816e-022
2.911754e+001  1.288327e-022
2.918469e+001  1.280882e-022
2.925199e+001  1.273480e-022
2.931944e+001  1.266121e-022
2.938705e+001  1.258804e-022
2.945482e+001  1.251531e-022
2.952274e+001  1.244299e-022
2.959082e+001  1.237110e-022
2.965906e+001  1.229963e-022
2.972745e+001  1.222857e-022
2.979601e+001  1.215792e-022
2.986472e+001  1.208768e-022
2.993358e+001  1.201786e-022
3.000261e+001  1.194844e-022
3.007180e+001  1.187942e-022
3.014114e+001  1.181080e-022
3.021065e+001  1.174258e-022
3.028031e+001  1.167476e-022
3.035014e+001  1.160734e-022
3.042013e+001  1.154030e-022
3.049028e+001  1.147366e-022
3.056059e+001  1.140740e-022
3.063106e+001  1.134152e-022
3.070170e+001  1.127603e-022
3.077250e+001  1.121092e-022
3.084346e+001  1.114619e-022
3.091458e+001  1.108184e-022
3.098587e+001  1.101785e-022
3.105733e+001  1.095424e-022
3.112894e+001  1.089100e-022
3.120073e+001  1.082813e-022
3.127268e+001  1.076562e-022
3.134479e+001  1.070348e-022
3.141707e+001  1.064169e-022
3.148952e+001  1.058027e-022
3.156214e+001  1.051920e-022
3.163492e+001  1.045848e-022
3.170787e+001  1.039812e-022
3.178099e+001  1.033811e-022
3.185427e+001  1.027845e-022
3.192773e+001  1.021913e-022
3.200136e+001  1.016016e-022
3.207515e+001  1.010153e-022
3.214912e+001  1.004324e-022
3.222325e+001  9.985291e-023
3.229756e+001  9.927676e-023
3.237204e+001  9.870396e-023
3.244669e+001  9.813448e-023
3.252151e+001  9.756831e-023
3.259651e+001  9.700543e-023
3.267167e+001  9.644581e-023
3.274702e+001  9.588944e-023
3.282253e+001  9.533629e-023
3.289822e+001  9.478636e-023
3.297408e+001  9.423962e-023
3.305012e+001  9.369605e-023
3.312634e+001  9.315564e-023
3.320272e+001  9.261836e-023
3.327929e+001  9.208419e-023
3.335603e+001  9.155313e-023
3.343295e+001  9.102515e-023
3.351005e+001  9.050023e-023
3.358732e+001  8.997836e-023
3.366478e+001  8.945951e-023
3.374241e+001  8.894367e-023
3.382022e+001  8.843083e-023
3.389821e+001  8.792096e-023
3.397638e+001  8.741405e-023
3.405473e+001  8.691008e-023
3.413326e+001  8.640903e-023
3.421197e+001  8.591089e-023
3.429086e+001  8.541564e-023
3.436994e+001  8.492326e-023
3.444919e+001  8.443373e-023
3.452863e+001  8.394705e-023
3.460826e+001  8.346318e-023
3.468806e+001  8.298213e-023
3.476805e+001  8.250386e-023
3.484823e+001  8.202837e-023
3.492859e+001  8.155564e-023
3.500914e+001  8.108564e-023
3.508987e+001  8.061837e-023
3.517078e+001  8.015382e-023
3.525189e+001  7.969195e-023
3.533318e+001  7.923277e-023
3.541466e+001  7.877624e-023
3.549633e+001  7.832237e-023
3.557818e+001  7.787112e-023
3.566022e+001  7.742250e-023
3.574246e+001  7.697647e-023
3.582488e+001  7.653303e-023
3.590749e+001  7.609217e-023
3.599029e+001  7.565385e-023
3.607329e+001  7.521808e-023
3.615647e+001  7.478484e-023
3.623985e+001  7.435411e-023
3.632342e+001  7.392588e-023
3.640718e+001  7.350013e-023
3.649114e+001  7.307685e-023
3.657529e+001  7.265602e-023
3.665963e+001  7.223763e-023
3.674417e+001  7.182167e-023
3.682890e+001  7.140812e-023
3.691383e+001  7.099697e-023
3.699895e+001  7.058821e-023
3.708427e+001  7.018181e-023
3.716979e+001  6.977777e-023
3.725550e+001  6.937607e-023
3.734141e+001  6.897671e-023
3.742752e+001  6.857966e-023
3.751383e+001  6.818491e-023
3.760034e+001  6.779245e-023
3.768704e+001  6.740226e-023
3.777395e+001  6.701434e-023
3.786106e+001  6.662867e-023
3.794836e+001  6.624523e-023
3.803587e+001  6.586402e-023
3.812358e+001  6.548502e-023
3.821150e+001  6.510822e-023
3.829961e+001  6.473360e-023
3.838793e+001  6.436115e-023
3.847646e+001  6.399087e-023
3.856518e+001  6.362273e-023
3.865411e+001  6.325673e-023
3.874325e+001  6.289285e-023
3.883259e+001  6.253108e-023
3.892214e+001  6.217141e-023
3.901190e+001  6.181382e-023
3.910186e+001  6.145831e-023
3.919203e+001  6.110487e-023
3.928240e+001  6.075347e-023
3.937299e+001  6.040411e-023
3.946378e+001  6.005678e-023
3.955479e+001  5.971146e-023
3.964600e+001  5.936814e-023
3.973743e+001  5.902682e-023
3.982906e+001  5.868748e-023
3.992091e+001  5.835010e-023
4.001296e+001  5.801469e-023
4.010524e+001  5.768122e-023
4.019772e+001  5.734968e-023
4.029041e+001  5.702007e-023
4.038332e+001  5.669237e-023
4.047645e+001  5.636658e-023
4.056979e+001  5.604267e-023
4.066334e+001  5.572064e-023
4.075711e+001  5.540049e-023
4.085110e+001  5.508219e-023
4.094530e+001  5.476574e-023
4.103972e+001  5.445112e-023
4.113436e+001  5.413833e-023
4.122922e+001  5.382736e-023
4.132429e+001  5.351819e-023
4.141958e+001  5.321082e-023
4.151510e+001  5.290524e-023
4.161083e+001  5.260142e-023
4.170679e+001  5.229937e-023
4.180296e+001  5.199908e-023
4.189936e+001  5.170053e-023
4.199598e+001  5.140371e-023
4.209282e+001  5.110862e-023
4.218989e+001  5.081524e-023
4.228718e+001  5.052356e-023
4.238470e+001  5.023358e-023
4.248244e+001  4.994528e-023
4.258040e+001  4.965866e-023
4.267859e+001  4.937370e-023
4.277701e+001  4.909040e-023
4.287565e+001  4.880875e-023
4.297452e+001  4.852873e-023
4.307362e+001  4.825034e-023
4.317295e+001  4.797357e-023
4.327251e+001  4.769840e-023
4.337230e+001  4.742484e-023
4.347231e+001  4.715287e-023
4.357256e+001  4.688247e-023
4.367304e+001  4.661365e-023
4.377375e+001  4.634639e-023
4.387469e+001  4.608069e-023
4.397587e+001  4.581653e-023
4.407728e+001  4.555391e-023
4.417892e+001  4.529282e-023
4.428079e+001  4.503324e-023
4.438291e+001  4.477517e-023
4.448525e+001  4.451861e-023
4.458784e+001  4.426354e-023
4.469066e+001  4.400995e-023
4.479371e+001  4.375784e-023
4.489701e+001  4.350720e-023
4.500054e+001  4.325801e-023
4.510431e+001  4.301028e-023
4.520832e+001  4.276398e-023
4.531257e+001  4.251913e-023
4.541707e+001  4.227569e-023
4.552180e+001  4.203368e-023
4.562677e+001  4.179307e-023
4.573199e+001  4.155387e-023
4.583745e+001  4.131606e-023
4.594315e+001  4.107963e-023
4.604909e+001  4.084459e-023
4.615528e+001  4.061091e-023
4.626172e+001  4.037860e-023
4.636840e+001  4.014763e-023
4.647532e+001  3.991802e-023
4.658249e+001  3.968974e-023
4.668991e+001  3.946280e-023
4.679758e+001  3.923718e-023
4.690550e+001  3.901287e-023
4.701366e+001  3.878987e-023
4.712208e+001  3.856818e-023
4.723074e+001  3.834778e-023
4.733965e+001  3.812866e-023
4.744882e+001  3.791082e-023
4.755824e+001  3.769426e-023
4.766791e+001  3.747895e-023
4.777783e+001  3.726491e-023
4.788800e+001  3.705212e-023
4.799843e+001  3.684056e-023
4.810912e+001  3.663025e-023
4.822006e+001  3.642116e-023
4.833126e+001  3.621330e-023
4.844271e+001  3.600665e-023
4.855442e+001  3.580120e-023
4.866638e+001  3.559696e-023
4.877861e+001  3.539392e-023
4.889109e+001  3.519206e-023
4.900384e+001  3.499138e-023
4.911684e+001  3.479187e-023
4.923010e+001  3.459353e-023
4.934363e+001  3.439636e-023
4.945741e+001  3.420034e-023
4.957146e+001  3.400546e-023
4.968578e+001  3.381173e-023
4.980035e+001  3.361913e-023
4.991519e+001  3.342766e-023
5.003030e+001  3.323731e-023
5.014567e+001  3.304807e-023
5.026130e+001  3.285995e-023
5.037721e+001  3.267293e-023
5.049338e+001  3.248700e-023
5.060981e+001  3.230217e-023
5.072652e+001  3.211842e-023
5.084350e+001  3.193575e-023
5.096074e+001  3.175415e-023
5.107826e+001  3.157361e-023
5.119605e+001  3.139414e-023
5.131410e+001  3.121572e-023
5.143243e+001  3.103835e-023
5.155104e+001  3.086202e-023
5.166991e+001  3.068672e-023
5.178907e+001  3.051246e-023
5.190849e+001  3.033922e-023
5.202819e+001  3.016700e-023
5.214817e+001  2.999580e-023
5.226842e+001  2.982560e-023
5.238896e+001  2.965640e-023
5.250977e+001  2.948820e-023
5.263085e+001  2.932099e-023
5.275222e+001  2.915476e-023
5.287387e+001  2.898952e-023
5.299580e+001  2.882524e-023
5.311800e+001  2.866194e-023
5.324049e+001  2.849960e-023
5.336327e+001  2.833822e-023
5.348632e+001  2.817778e-023
5.360966e+001  2.801830e-023
5.373329e+001  2.785976e-023
5.385720e+001  2.770215e-023
5.398139e+001  2.754548e-023
5.410587e+001  2.738973e-023
5.423064e+001  2.723490e-023
5.435570e+001  2.708098e-023
5.448104e+001  2.692798e-023
5.460668e+001  2.677588e-023
5.473260e+001  2.662469e-023
5.485881e+001  2.647439e-023
5.498532e+001  2.632497e-023
5.511212e+001  2.617645e-023
5.523920e+001  2.602880e-023
5.536659e+001  2.588203e-023
5.549426e+001  2.573613e-023
5.562223e+001  2.559110e-023
5.575050e+001  2.544693e-023
5.587906e+001  2.530361e-023
5.600792e+001  2.516114e-023
5.613707e+001  2.501953e-023
5.626652e+001  2.487875e-023
5.639627e+001  2.473881e-023
5.652632e+001  2.459970e-023
5.665668e+001  2.446143e-023
5.678733e+001  2.432397e-023
5.691828e+001  2.418733e-023
5.704953e+001  2.405151e-023
5.718109e+001  2.391650e-023
5.731295e+001  2.378229e-023
5.744511e+001  2.364889e-023
5.757758e+001  2.351628e-023
5.771036e+001  2.338446e-023
5.784344e+001  2.325343e-023
5.797682e+001  2.312319e-023
5.811052e+001  2.299372e-023
5.824452e+001  2.286503e-023
5.837883e+001  2.273711e-023
5.851346e+001  2.260996e-023
5.864839e+001  2.248356e-023
5.878363e+001  2.235793e-023
5.891919e+001  2.223305e-023
5.905506e+001  2.210892e-023
5.919124e+001  2.198554e-023
5.932773e+001  2.186289e-023
5.946454e+001  2.174099e-023
5.960167e+001  2.161981e-023
5.973911e+001  2.149937e-023
5.987687e+001  2.137965e-023
6.001495e+001  2.126066e-023
6.015334e+001  2.114238e-023
6.029206e+001  2.102481e-023
6.043109e+001  2.090796e-023
6.057044e+001  2.079181e-023
6.071012e+001  2.067636e-023
6.085012e+001  2.056162e-023
6.099044e+001  2.044756e-023
6.113108e+001  2.033420e-023
6.127205e+001  2.022152e-023
6.141335e+001  2.010953e-023
6.155496e+001  1.999822e-023
6.169691e+001  1.988758e-023
6.183918e+001  1.977762e-023
6.198179e+001  1.966832e-023
6.212472e+001  1.955969e-023
6.226798e+001  1.945172e-023
6.241157e+001  1.934441e-023
6.255549e+001  1.923775e-023
6.269974e+001  1.913175e-023
6.284433e+001  1.902639e-023
6.298925e+001  1.892167e-023
6.313450e+001  1.881760e-023
6.328009e+001  1.871416e-023
6.342601e+001  1.861136e-023
6.357228e+001  1.850919e-023
6.371887e+001  1.840764e-023
6.386581e+001  1.830672e-023
6.401308e+001  1.820642e-023
6.416070e+001  1.810674e-023
6.430865e+001  1.800767e-023
6.445695e+001  1.790921e-023
6.460559e+001  1.781135e-023
6.475457e+001  1.771410e-023
6.490389e+001  1.761746e-023
6.505356e+001  1.752141e-023
6.520358e+001  1.742595e-023
6.535394e+001  1.733109e-023
6.550464e+001  1.723681e-023
6.565570e+001  1.714312e-023
6.580710e+001  1.705002e-023
6.595885e+001  1.695749e-023
6.611095e+001  1.686554e-023
6.626341e+001  1.677416e-023
6.641621e+001  1.668335e-023
6.656937e+001  1.659311e-023
6.672288e+001  1.650343e-023
6.687674e+001  1.641431e-023
6.703096e+001  1.632576e-023
6.718553e+001  1.623775e-023
6.734046e+001  1.615031e-023
6.749575e+001  1.606341e-023
6.765140e+001  1.597705e-023
6.780740e+001  1.589125e-023
6.796376e+001  1.580598e-023
6.812049e+001  1.572125e-023
6.827758e+001  1.563706e-023
6.843502e+001  1.555340e-023
6.859284e+001  1.547027e-023
6.875101e+001  1.538767e-023
6.890955e+001  1.530559e-023
6.906846e+001  1.522404e-023
6.922773e+001  1.514300e-023
6.938737e+001  1.506249e-023
6.954738e+001  1.498248e-023
6.970775e+001  1.490299e-023
6.986850e+001  1.482401e-023
7.002962e+001  1.474554e-023
7.019111e+001  1.466756e-023
7.035297e+001  1.459009e-023
7.051520e+001  1.451312e-023
7.067781e+001  1.443665e-023
7.084080e+001  1.436067e-023
7.100415e+001  1.428518e-023
7.116789e+001  1.421018e-023
7.133200e+001  1.413567e-023
7.149650e+001  1.406164e-023
7.166137e+001  1.398810e-023
7.182662e+001  1.391503e-023
7.199225e+001  1.384244e-023
7.215827e+001  1.377032e-023
7.232466e+001  1.369868e-023
7.249145e+001  1.362751e-023
7.265861e+001  1.355681e-023
7.282616e+001  1.348657e-023
7.299410e+001  1.341679e-023
7.316243e+001  1.334748e-023
7.333114e+001  1.327862e-023
7.350024e+001  1.321022e-023
7.366973e+001  1.314228e-023
7.383962e+001  1.307478e-023
7.400989e+001  1.300774e-023
7.418056e+001  1.294115e-023
7.435162e+001  1.287500e-023
7.452307e+001  1.280929e-023
7.469493e+001  1.274402e-023
7.486717e+001  1.267920e-023
7.503982e+001  1.261481e-023
7.521286e+001  1.255086e-023
7.538630e+001  1.248734e-023
7.556014e+001  1.242425e-023
7.573438e+001  1.236159e-023
7.590903e+001  1.229935e-023
7.608407e+001  1.223755e-023
7.625953e+001  1.217616e-023
7.643538e+001  1.211520e-023
7.661164e+001  1.205465e-023
7.678831e+001  1.199452e-023
7.696538e+001  1.193481e-023
7.714287e+001  1.187550e-023
7.732076e+001  1.181661e-023
7.749906e+001  1.175813e-023
7.767777e+001  1.170006e-023
7.785690e+001  1.164239e-023
7.803644e+001  1.158513e-023
7.821639e+001  1.152827e-023
7.839676e+001  1.147180e-023
7.857754e+001  1.141574e-023
7.875874e+001  1.136007e-023
7.894036e+001  1.130480e-023
7.912240e+001  1.124992e-023
7.930485e+001  1.119542e-023
7.948773e+001  1.114132e-023
7.967103e+001  1.108761e-023
7.985475e+001  1.103428e-023
8.003890e+001  1.098134e-023
8.022347e+001  1.092877e-023
8.040846e+001  1.087659e-023
8.059389e+001  1.082479e-023
8.077974e+001  1.077336e-023
8.096602e+001  1.072231e-023
8.115272e+001  1.067163e-023
8.133986e+001  1.062133e-023
8.152743e+001  1.057139e-023
8.171544e+001  1.052182e-023
8.190387e+001  1.047263e-023
8.209274e+001  1.042379e-023
8.228205e+001  1.037532e-023
8.247179e+001  1.032721e-023
8.266197e+001  1.027947e-023
8.285259e+001  1.023208e-023
8.304365e+001  1.018505e-023
8.323515e+001  1.013837e-023
8.342709e+001  1.009205e-023
8.361947e+001  1.004609e-023
8.381230e+001  1.000047e-023
8.400557e+001  9.955203e-024
8.419929e+001  9.910285e-024
8.439346e+001  9.865714e-024
8.458807e+001  9.821488e-024
8.478313e+001  9.777607e-024
8.497864e+001  9.734067e-024
8.517460e+001  9.690869e-024
8.537101e+001  9.648010e-024
8.556788e+001  9.605489e-024
8.576520e+001  9.563304e-024
8.596298e+001  9.521455e-024
8.616121e+001  9.479939e-024
8.635989e+001  9.438756e-024
8.655904e+001  9.397903e-024
8.675865e+001  9.357381e-024
8.695871e+001  9.317186e-024
8.715924e+001  9.277318e-024
8.736023e+001  9.237775e-024
8.756168e+001  9.198556e-024
8.776360e+001  9.159660e-024
8.796599e+001  9.121085e-024
8.816884e+001  9.082830e-024
8.837215e+001  9.044894e-024
8.857594e+001  9.007275e-024
8.878020e+001  8.969971e-024
8.898493e+001  8.932983e-024
8.919012e+001  8.896307e-024
8.939580e+001  8.859944e-024
8.960195e+001  8.823891e-024
8.980857e+001  8.788148e-024
9.001567e+001  8.752712e-024
9.022324e+001  8.717584e-024
9.043130e+001  8.682761e-024
9.063984e+001  8.648242e-024
9.084885e+001  8.614027e-024
9.105835e+001  8.580112e-024
9.126833e+001  8.546499e-024
9.147880e+001  8.513185e-024
9.168975e+001  8.480168e-024
9.190118e+001  8.447449e-024
9.211311e+001  8.415025e-024
9.232552e+001  8.382895e-024
9.253843e+001  8.351058e-024
9.275182e+001  8.319513e-024
9.296571e+001  8.288259e-024
9.318009e+001  8.257294e-024
9.339496e+001  8.226617e-024
9.361033e+001  8.196227e-024
9.382620e+001  8.166123e-024
9.404256e+001  8.136304e-024
9.425942e+001  8.106768e-024
9.447679e+001  8.077514e-024
9.469465e+001  8.048542e-024
9.491302e+001  8.019849e-024
9.513189e+001  7.991435e-024
9.535126e+001  7.963298e-024
9.557114e+001  7.935438e-024
9.579153e+001  7.907853e-024
9.601243e+001  7.880542e-024
9.623383e+001  7.853504e-024
9.645575e+001  7.826737e-024
9.667817e+001  7.800242e-024
9.690112e+001  7.774015e-024
9.712457e+001  7.748057e-024
9.734854e+001  7.722366e-024
9.757303e+001  7.696941e-024
9.779803e+001  7.671780e-024
9.802355e+001  7.646884e-024
9.824960e+001  7.622249e-024
9.847616e+001  7.597877e-024
9.870325e+001  7.573764e-024
9.893086e+001  7.549911e-024
9.915899e+001  7.526316e-024
9.938766e+001  7.502978e-024
9.961684e+001  7.479895e-024
9.984656e+001  7.457068e-024
1.000768e+002  7.434493e-024
1.003076e+002  7.412172e-024
1.005389e+002  7.390101e-024
1.007707e+002  7.368281e-024
1.010031e+002  7.346710e-024
1.012360e+002  7.325387e-024
1.014695e+002  7.304310e-024
1.017035e+002  7.283480e-024
1.019380e+002  7.262894e-024
1.021731e+002  7.242552e-024
1.024087e+002  7.222452e-024
1.026448e+002  7.202593e-024
1.028815e+002  7.182975e-024
1.031188e+002  7.163596e-024
1.033566e+002  7.144455e-024
1.035949e+002  7.125551e-024
1.038338e+002  7.106882e-024
1.040732e+002  7.088449e-024
1.043132e+002  7.070249e-024
1.045538e+002  7.052282e-024
1.047949e+002  7.034546e-024
1.050365e+002  7.017040e-024
1.052788e+002  6.999764e-024
1.055215e+002  6.982716e-024
1.057649e+002  6.965895e-024
1.060088e+002  6.949300e-024
1.062532e+002  6.932930e-024
1.064982e+002  6.916783e-024
1.067438e+002  6.900860e-024
1.069900e+002  6.885158e-024
1.072367e+002  6.869677e-024
1.074840e+002  6.854415e-024
1.077318e+002  6.839371e-024
1.079803e+002  6.824545e-024
1.082293e+002  6.809935e-024
1.084789e+002  6.795540e-024
1.087290e+002  6.781359e-024
1.089797e+002  6.767391e-024
1.092311e+002  6.753635e-024
1.094829e+002  6.740090e-024
1.097354e+002  6.726754e-024
1.099885e+002  6.713627e-024
1.102421e+002  6.700708e-024
1.104963e+002  6.687995e-024
1.107511e+002  6.675487e-024
1.110065e+002  6.663184e-024
1.112625e+002  6.651084e-024
1.115191e+002  6.639186e-024
1.117762e+002  6.627490e-024
1.120340e+002  6.615993e-024
1.122923e+002  6.604695e-024
1.125513e+002  6.593595e-024
1.128108e+002  6.582692e-024
1.130710e+002  6.571985e-024
1.133317e+002  6.561472e-024
1.135931e+002  6.551153e-024
1.138550e+002  6.541026e-024
1.141176e+002  6.531091e-024
1.143807e+002  6.521346e-024
1.146445e+002  6.511790e-024
1.149088e+002  6.502423e-024
1.151738e+002  6.493243e-024
1.154394e+002  6.484249e-024
1.157056e+002  6.475440e-024
1.159724e+002  6.466816e-024
1.162399e+002  6.458374e-024
1.165079e+002  6.450114e-024
1.167766e+002  6.442035e-024
1.170459e+002  6.434136e-024
1.173158e+002  6.426416e-024
1.175863e+002  6.418873e-024
1.178575e+002  6.411507e-024
1.181293e+002  6.404317e-024
1.184017e+002  6.397301e-024
1.186747e+002  6.390459e-024
1.189484e+002  6.383789e-024
1.192227e+002  6.377291e-024
1.194976e+002  6.370964e-024
1.197731e+002  6.364806e-024
1.200493e+002  6.358816e-024
1.203262e+002  6.352994e-024
1.206037e+002  6.347338e-024
1.208818e+002  6.341847e-024
1.211605e+002  6.336521e-024
1.214399e+002  6.331358e-024
1.217200e+002  6.326358e-024
1.220006e+002  6.321519e-024
1.222820e+002  6.316840e-024
1.225640e+002  6.312320e-024
1.228466e+002  6.307959e-024
1.231299e+002  6.303755e-024
1.234138e+002  6.299707e-024
1.236984e+002  6.295815e-024
1.239837e+002  6.292077e-024
1.242696e+002  6.288493e-024
1.245561e+002  6.285061e-024
1.248434e+002  6.281780e-024
1.251313e+002  6.278650e-024
1.254198e+002  6.275669e-024
1.257090e+002  6.272837e-024
1.259989e+002  6.270153e-024
1.262895e+002  6.267615e-024
1.265807e+002  6.265222e-024
1.268726e+002  6.262975e-024
1.271652e+002  6.260871e-024
1.274584e+002  6.258910e-024
1.277523e+002  6.257091e-024
1.280469e+002  6.255413e-024
1.283422e+002  6.253875e-024
1.286382e+002  6.252476e-024
1.289348e+002  6.251216e-024
1.292321e+002  6.250092e-024
1.295301e+002  6.249105e-024
1.298288e+002  6.248254e-024
1.301282e+002  6.247537e-024
1.304283e+002  6.246954e-024
1.307291e+002  6.246503e-024
1.310305e+002  6.246185e-024
1.313327e+002  6.245997e-024
1.316355e+002  6.245940e-024
1.319391e+002  6.246012e-024
1.322433e+002  6.246212e-024
1.325483e+002  6.246540e-024
1.328539e+002  6.246995e-024
1.331603e+002  6.247575e-024
1.334674e+002  6.248281e-024
1.337752e+002  6.249110e-024
1.340836e+002  6.250063e-024
1.343928e+002  6.251139e-024
1.347027e+002  6.252336e-024
1.350134e+002  6.253654e-024
1.353247e+002  6.255092e-024
1.356368e+002  6.256649e-024
1.359496e+002  6.258325e-024
1.362631e+002  6.260118e-024
1.365773e+002  6.262028e-024
1.368922e+002  6.264054e-024
1.372079e+002  6.266196e-024
1.375243e+002  6.268452e-024
1.378414e+002  6.270821e-024
1.381593e+002  6.273304e-024
1.384779e+002  6.275899e-024
1.387972e+002  6.278605e-024
1.391173e+002  6.281422e-024
1.394381e+002  6.284348e-024
1.397596e+002  6.287384e-024
1.400819e+002  6.290529e-024
1.404050e+002  6.293781e-024
1.407287e+002  6.297140e-024
1.410533e+002  6.300606e-024
1.413785e+002  6.304177e-024
1.417045e+002  6.307853e-024
1.420313e+002  6.311633e-024
1.423588e+002  6.315516e-024
1.426871e+002  6.319503e-024
1.430162e+002  6.323591e-024
1.433460e+002  6.327781e-024
1.436765e+002  6.332072e-024
1.440078e+002  6.336463e-024
1.443399e+002  6.340953e-024
1.446728e+002  6.345543e-024
1.450064e+002  6.350230e-024
1.453408e+002  6.355015e-024
1.456759e+002  6.359896e-024
1.460119e+002  6.364874e-024
1.463486e+002  6.369948e-024
1.466860e+002  6.375117e-024
1.470243e+002  6.380380e-024
1.473633e+002  6.385736e-024
1.477032e+002  6.391186e-024
1.480438e+002  6.396729e-024
1.483852e+002  6.402363e-024
1.487273e+002  6.408089e-024
1.490703e+002  6.413906e-024
1.494141e+002  6.419813e-024
1.497586e+002  6.425810e-024
1.501040e+002  6.431895e-024
1.504501e+002  6.438070e-024
1.507970e+002  6.444332e-024
1.511448e+002  6.450682e-024
1.514933e+002  6.457119e-024
1.518427e+002  6.463642e-024
1.521928e+002  6.470251e-024
1.525438e+002  6.476946e-024
1.528955e+002  6.483725e-024
1.532481e+002  6.490589e-024
1.536015e+002  6.497536e-024
1.539557e+002  6.504567e-024
1.543107e+002  6.511680e-024
1.546666e+002  6.518876e-024
1.550232e+002  6.526153e-024
1.553807e+002  6.533512e-024
1.557390e+002  6.540952e-024
1.560982e+002  6.548473e-024
1.564581e+002  6.556073e-024
1.568189e+002  6.563752e-024
1.571805e+002  6.571511e-024
1.575430e+002  6.579348e-024
1.579063e+002  6.587264e-024
1.582704e+002  6.595257e-024
1.586354e+002  6.603327e-024
1.590012e+002  6.611474e-024
1.593679e+002  6.619698e-024
1.597354e+002  6.627998e-024
1.601037e+002  6.636373e-024
1.604729e+002  6.644823e-024
1.608430e+002  6.653348e-024
1.612139e+002  6.661947e-024
1.615857e+002  6.670621e-024
1.619583e+002  6.679368e-024
1.623317e+002  6.688188e-024
1.627061e+002  6.697081e-024
1.630813e+002  6.706046e-024
1.634574e+002  6.715083e-024
1.638343e+002  6.724192e-024
1.642121e+002  6.733373e-024
1.645908e+002  6.742624e-024
1.649703e+002  6.751946e-024
1.653507e+002  6.761339e-024
1.657320e+002  6.770801e-024
1.661142e+002  6.780333e-024
1.664973e+002  6.789934e-024
1.668812e+002  6.799604e-024
1.672661e+002  6.809342e-024
1.676518e+002  6.819149e-024
1.680384e+002  6.829024e-024
1.684259e+002  6.838966e-024
1.688143e+002  6.848976e-024
1.692035e+002  6.859053e-024
1.695937e+002  6.869196e-024
1.699848e+002  6.879406e-024
1.703768e+002  6.889682e-024
1.707697e+002  6.900024e-024
1.711635e+002  6.910432e-024
1.715582e+002  6.920905e-024
1.719538e+002  6.931443e-024
1.723503e+002  6.942045e-024
1.727478e+002  6.952712e-024
1.731461e+002  6.963444e-024
1.735454e+002  6.974239e-024
1.739456e+002  6.985098e-024
1.743467e+002  6.996020e-024
1.747488e+002  7.007006e-024
1.751517e+002  7.018054e-024
1.755556e+002  7.029165e-024
1.759605e+002  7.040339e-024
1.763662e+002  7.051575e-024
1.767729e+002  7.062873e-024
1.771806e+002  7.074233e-024
1.775892e+002  7.085654e-024
1.779987e+002  7.097136e-024
1.784092e+002  7.108680e-024
1.788206e+002  7.120285e-024
1.792329e+002  7.131950e-024
1.796462e+002  7.143676e-024
1.800605e+002  7.155462e-024
1.804757e+002  7.167308e-024
1.808919e+002  7.179214e-024
1.813090e+002  7.191180e-024
1.817271e+002  7.203205e-024
1.821462e+002  7.215289e-024
1.825662e+002  7.227433e-024
1.829872e+002  7.239636e-024
1.834092e+002  7.251897e-024
1.838322e+002  7.264217e-024
1.842561e+002  7.276595e-024
1.846810e+002  7.289032e-024
1.851068e+002  7.301527e-024
1.855337e+002  7.314080e-024
1.859615e+002  7.326690e-024
1.863904e+002  7.339358e-024
1.868202e+002  7.352084e-024
1.872510e+002  7.364867e-024
1.876828e+002  7.377707e-024
1.881156e+002  7.390604e-024
1.885494e+002  7.403558e-024
1.889842e+002  7.416569e-024
1.894200e+002  7.429636e-024
1.898568e+002  7.442760e-024
1.902946e+002  7.455940e-024
1.907334e+002  7.469176e-024
1.911733e+002  7.482469e-024
1.916141e+002  7.495817e-024
1.920560e+002  7.509222e-024
1.924989e+002  7.522682e-024
1.929428e+002  7.536197e-024
1.933877e+002  7.549768e-024
1.938336e+002  7.563395e-024
1.942806e+002  7.577077e-024
1.947286e+002  7.590814e-024
1.951777e+002  7.604606e-024
1.956278e+002  7.618453e-024
1.960789e+002  7.632355e-024
1.965310e+002  7.646311e-024
1.969842e+002  7.660323e-024
1.974385e+002  7.674389e-024
1.978938e+002  7.688509e-024
1.983501e+002  7.702684e-024
1.988075e+002  7.716913e-024
1.992660e+002  7.731197e-024
1.997255e+002  7.745534e-024
2.001861e+002  7.759926e-024
2.006477e+002  7.774372e-024
2.011104e+002  7.788872e-024
2.015741e+002  7.803425e-024
2.020390e+002  7.818033e-024
2.025049e+002  7.832694e-024
2.029719e+002  7.847408e-024
2.034399e+002  7.862177e-024
2.039090e+002  7.876999e-024
2.043793e+002  7.891874e-024
2.048506e+002  7.906803e-024
2.053229e+002  7.921785e-024
2.057964e+002  7.936821e-024
2.062710e+002  7.951910e-024
2.067466e+002  7.967052e-024
2.072234e+002  7.982247e-024
2.077013e+002  7.997495e-024
2.081802e+002  8.012796e-024
2.086603e+002  8.028151e-024
2.091415e+002  8.043558e-024
2.096237e+002  8.059019e-024
2.101071e+002  8.074532e-024
2.105916e+002  8.090098e-024
2.110773e+002  8.105717e-024
2.115640e+002  8.121389e-024
2.120519e+002  8.137114e-024
2.125409e+002  8.152891e-024
2.130310e+002  8.168721e-024
2.135223e+002  8.184604e-024
2.140146e+002  8.200539e-024
2.145082e+002  8.216527e-024
2.150028e+002  8.232568e-024
2.154986e+002  8.248662e-024
2.159956e+002  8.264808e-024
2.164936e+002  8.281006e-024
2.169929e+002  8.297257e-024
2.174933e+002  8.313561e-024
2.179948e+002  8.329917e-024
2.184975e+002  8.346326e-024
2.190014e+002  8.362788e-024
2.195064e+002  8.379301e-024
2.200126e+002  8.395868e-024
2.205199e+002  8.412487e-024
2.210284e+002  8.429158e-024
2.215381e+002  8.445882e-024
2.220490e+002  8.462658e-024
2.225610e+002  8.479487e-024
2.230743e+002  8.496369e-024
2.235887e+002  8.513303e-024
2.241043e+002  8.530289e-024
2.246211e+002  8.547328e-024
2.251390e+002  8.564420e-024
2.256582e+002  8.581564e-024
2.261786e+002  8.598760e-024
2.267002e+002  8.616009e-024
2.272229e+002  8.633311e-024
2.277469e+002  8.650666e-024
2.282721e+002  8.668073e-024
2.287985e+002  8.685532e-024
2.293261e+002  8.703044e-024
2.298549e+002  8.720609e-024
2.303850e+002  8.738227e-024
2.309162e+002  8.755897e-024
2.314487e+002  8.773620e-024
2.319825e+002  8.791396e-024
2.325174e+002  8.809225e-024
2.330536e+002  8.827106e-024
2.335910e+002  8.845040e-024
2.341297e+002  8.863027e-024
2.346696e+002  8.881067e-024
2.352107e+002  8.899160e-024
2.357531e+002  8.917306e-024
2.362968e+002  8.935505e-024
2.368417e+002  8.953757e-024
2.373878e+002  8.972062e-024
2.379353e+002  8.990420e-024
2.384839e+002  9.008831e-024
2.390339e+002  9.027295e-024
2.395851e+002  9.045813e-024
2.401376e+002  9.064384e-024
2.406914e+002  9.083008e-024
2.412464e+002  9.101685e-024
2.418027e+002  9.120416e-024
2.423603e+002  9.139200e-024
2.429192e+002  9.158038e-024
2.434794e+002  9.176929e-024
2.440408e+002  9.195874e-024
2.446036e+002  9.214872e-024
2.451676e+002  9.233924e-024
2.457330e+002  9.253030e-024
2.462997e+002  9.272189e-024
2.468676e+002  9.291402e-024
2.474369e+002  9.310669e-024
2.480075e+002  9.329990e-024
2.485794e+002  9.349365e-024
2.491526e+002  9.368795e-024
2.497272e+002  9.388278e-024
2.503031e+002  9.407815e-024
2.508803e+002  9.427406e-024
2.514588e+002  9.447052e-024
2.520387e+002  9.466752e-024
2.526199e+002  9.486507e-024
2.532024e+002  9.506315e-024
2.537863e+002  9.526179e-024
2.543715e+002  9.546097e-024
2.549581e+002  9.566069e-024
2.555460e+002  9.586096e-024
2.561353e+002  9.606178e-024
2.567260e+002  9.626315e-024
2.573180e+002  9.646507e-024
2.579114e+002  9.666754e-024
2.585061e+002  9.687055e-024
2.591022e+002  9.707412e-024
2.596997e+002  9.727824e-024
2.602986e+002  9.748292e-024
2.608988e+002  9.768814e-024
2.615005e+002  9.789392e-024
2.621035e+002  9.810025e-024
2.627079e+002  9.830714e-024
2.633137e+002  9.851459e-024
2.639209e+002  9.872259e-024
2.645295e+002  9.893115e-024
2.651395e+002  9.914027e-024
2.657509e+002  9.934995e-024
2.663638e+002  9.956019e-024
2.669780e+002  9.977099e-024
2.675937e+002  9.998235e-024
2.682107e+002  1.001943e-023
2.688292e+002  1.004068e-023
2.694492e+002  1.006198e-023
2.700705e+002  1.008334e-023
2.706933e+002  1.010476e-023
2.713175e+002  1.012623e-023
2.719432e+002  1.014777e-023
2.725703e+002  1.016935e-023
2.731988e+002  1.019100e-023
2.738288e+002  1.021270e-023
2.744603e+002  1.023446e-023
2.750932e+002  1.025628e-023
2.757275e+002  1.027815e-023
2.763634e+002  1.030008e-023
2.770007e+002  1.032207e-023
2.776394e+002  1.034412e-023
2.782797e+002  1.036622e-023
2.789214e+002  1.038838e-023
2.795646e+002  1.041060e-023
2.802093e+002  1.043288e-023
2.808554e+002  1.045522e-023
2.815031e+002  1.047761e-023
2.821522e+002  1.050006e-023
2.828029e+002  1.052257e-023
2.834550e+002  1.054514e-023
2.841087e+002  1.056777e-023
2.847638e+002  1.059045e-023
2.854205e+002  1.061320e-023
2.860787e+002  1.063600e-023
2.867384e+002  1.065886e-023
2.873996e+002  1.068178e-023
2.880623e+002  1.070476e-023
2.887266e+002  1.072780e-023
2.893924e+002  1.075090e-023
2.900598e+002  1.077406e-023
2.907286e+002  1.079728e-023
2.913991e+002  1.082055e-023
2.920710e+002  1.084389e-023
2.927446e+002  1.086729e-023
2.934196e+002  1.089074e-023
2.940963e+002  1.091426e-023
2.947744e+002  1.093784e-023
2.954542e+002  1.096147e-023
2.961355e+002  1.098517e-023
2.968184e+002  1.100893e-023
2.975029e+002  1.103275e-023
2.981889e+002  1.105663e-023
2.988765e+002  1.108057e-023
2.995658e+002  1.110457e-023
3.002566e+002  1.112863e-023
3.009489e+002  1.115276e-023
3.016429e+002  1.117694e-023
3.023385e+002  1.120119e-023
3.030357e+002  1.122550e-023
3.037345e+002  1.124987e-023
3.044349e+002  1.127430e-023
3.051370e+002  1.129879e-023
3.058406e+002  1.132335e-023
3.065459e+002  1.134796e-023
3.072528e+002  1.137264e-023
3.079613e+002  1.139739e-023
3.086715e+002  1.142219e-023
3.093833e+002  1.144706e-023
3.100967e+002  1.147199e-023
3.108118e+002  1.149698e-023
3.115285e+002  1.152204e-023
3.122469e+002  1.154716e-023
3.129670e+002  1.157234e-023
3.136887e+002  1.159759e-023
3.144120e+002  1.162289e-023
3.151371e+002  1.164827e-023
3.158638e+002  1.167370e-023
3.165922e+002  1.169921e-023
3.173222e+002  1.172477e-023
3.180540e+002  1.175040e-023
3.187874e+002  1.177609e-023
3.195225e+002  1.180185e-023
3.202594e+002  1.182767e-023
3.209979e+002  1.185356e-023
3.217381e+002  1.187951e-023
3.224800e+002  1.190553e-023
3.232237e+002  1.193161e-023
3.239690e+002  1.195776e-023
3.247161e+002  1.198397e-023
3.254649e+002  1.201025e-023
3.262154e+002  1.203660e-023
3.269677e+002  1.206301e-023
3.277217e+002  1.208948e-023
3.284774e+002  1.211602e-023
3.292349e+002  1.214263e-023
3.299941e+002  1.216931e-023
3.307551e+002  1.219605e-023
3.315178e+002  1.222286e-023
3.322823e+002  1.224973e-023
3.330485e+002  1.227668e-023
3.338165e+002  1.230368e-023
3.345863e+002  1.233076e-023
3.353579e+002  1.235791e-023
3.361312e+002  1.238512e-023
3.369063e+002  1.241240e-023
3.376832e+002  1.243975e-023
3.384619e+002  1.246716e-023
3.392424e+002  1.249465e-023
3.400247e+002  1.252220e-023
3.408088e+002  1.254982e-023
3.415947e+002  1.257751e-023
3.423825e+002  1.260527e-023
3.431720e+002  1.263310e-023
3.439634e+002  1.266100e-023
3.447565e+002  1.268897e-023
3.455515e+002  1.271700e-023
3.463484e+002  1.274511e-023
3.471471e+002  1.277329e-023
3.479476e+002  1.280153e-023
3.487500e+002  1.282985e-023
3.495542e+002  1.285824e-023
3.503603e+002  1.288670e-023
3.511682e+002  1.291523e-023
3.519780e+002  1.294383e-023
3.527897e+002  1.297250e-023
3.536032e+002  1.300124e-023
3.544186e+002  1.303006e-023
3.552359e+002  1.305895e-023
3.560551e+002  1.308791e-023
3.568761e+002  1.311694e-023
3.576991e+002  1.314604e-023
3.585240e+002  1.317522e-023
3.593507e+002  1.320447e-023
3.601794e+002  1.323379e-023
3.610100e+002  1.326319e-023
3.618424e+002  1.329266e-023
3.626769e+002  1.332220e-023
3.635132e+002  1.335182e-023
3.643515e+002  1.338151e-023
3.651917e+002  1.341128e-023
3.660338e+002  1.344112e-023
3.668779e+002  1.347104e-023
3.677239e+002  1.350103e-023
3.685719e+002  1.353109e-023
3.694218e+002  1.356124e-023
3.702737e+002  1.359145e-023
3.711275e+002  1.362175e-023
3.719834e+002  1.365212e-023
3.728412e+002  1.368257e-023
3.737009e+002  1.371309e-023
3.745627e+002  1.374370e-023
3.754264e+002  1.377438e-023
3.762922e+002  1.380514e-023
3.771599e+002  1.383597e-023
3.780296e+002  1.386689e-023
3.789014e+002  1.389788e-023
3.797751e+002  1.392896e-023
3.806509e+002  1.396011e-023
3.815287e+002  1.399134e-023
3.824085e+002  1.402266e-023
3.832903e+002  1.405405e-023
3.841742e+002  1.408552e-023
3.850601e+002  1.411708e-023
3.859480e+002  1.414872e-023
3.868380e+002  1.418044e-023
3.877301e+002  1.421224e-023
3.886242e+002  1.424413e-023
3.895204e+002  1.427610e-023
3.904186e+002  1.430816e-023
3.913189e+002  1.434029e-023
3.922213e+002  1.437252e-023
3.931258e+002  1.440483e-023
3.940323e+002  1.443722e-023
3.949410e+002  1.446971e-023
3.958517e+002  1.450228e-023
3.967645e+002  1.453494e-023
3.976795e+002  1.456768e-023
3.985965e+002  1.460052e-023
3.995157e+002  1.463345e-023
4.004370e+002  1.466646e-023
4.013604e+002  1.469957e-023
4.022859e+002  1.473277e-023
4.032136e+002  1.476607e-023
4.041434e+002  1.479946e-023
4.050754e+002  1.483294e-023
4.060095e+002  1.486652e-023
4.069457e+002  1.490020e-023
4.078842e+002  1.493398e-023
4.088247e+002  1.496785e-023
4.097675e+002  1.500183e-023
4.107124e+002  1.503591e-023
4.116595e+002  1.507009e-023
4.126088e+002  1.510438e-023
4.135603e+002  1.513878e-023
4.145140e+002  1.517328e-023
4.154698e+002  1.520790e-023
4.164279e+002  1.524263e-023
4.173882e+002  1.527747e-023
4.183507e+002  1.531243e-023
4.193154e+002  1.534751e-023
4.202824e+002  1.538271e-023
4.212516e+002  1.541804e-023
4.222230e+002  1.545350e-023
4.231966e+002  1.548908e-023
4.241725e+002  1.552481e-023
4.251507e+002  1.556067e-023
4.261311e+002  1.559668e-023
4.271137e+002  1.563284e-023
4.280986e+002  1.566915e-023
4.290858e+002  1.570562e-023
4.300753e+002  1.574226e-023
4.310671e+002  1.577907e-023
4.320611e+002  1.581606e-023
4.330575e+002  1.585324e-023
4.340561e+002  1.589063e-023
4.350570e+002  1.592822e-023
4.360603e+002  1.596603e-023
4.370658e+002  1.600408e-023
4.380737e+002  1.604238e-023
4.390839e+002  1.608094e-023
4.400964e+002  1.611979e-023
4.411113e+002  1.615895e-023
4.421285e+002  1.619843e-023
4.431481e+002  1.623828e-023
4.441700e+002  1.627851e-023
4.451942e+002  1.631917e-023
4.462208e+002  1.636030e-023
4.472498e+002  1.640195e-023
4.482812e+002  1.644416e-023
4.493149e+002  1.648702e-023
4.503511e+002  1.653059e-023
4.513896e+002  1.657498e-023
4.524305e+002  1.662028e-023
4.534738e+002  1.666663e-023
4.545195e+002  1.671419e-023
4.555676e+002  1.676315e-023
4.566182e+002  1.681375e-023
4.576711e+002  1.686628e-023
4.587265e+002  1.692111e-023
4.597843e+002  1.697870e-023
4.608446e+002  1.703965e-023
5.064869e+002  1.851012e-023
5.076548e+002  1.854274e-023
5.088255e+002  1.857656e-023
5.099988e+002  1.861142e-023
5.111749e+002  1.864718e-023
5.123537e+002  1.868373e-023
5.135352e+002  1.872096e-023
5.147194e+002  1.875881e-023
5.159063e+002  1.879720e-023
5.170960e+002  1.883607e-023
5.182884e+002  1.887539e-023
5.194836e+002  1.891511e-023
5.206816e+002  1.895519e-023
5.218822e+002  1.899560e-023
5.230857e+002  1.903633e-023
5.242920e+002  1.907734e-023
5.255010e+002  1.911862e-023
5.267128e+002  1.916016e-023
5.279274e+002  1.920192e-023
5.291448e+002  1.924391e-023
5.303650e+002  1.928612e-023
5.315880e+002  1.932852e-023
5.328139e+002  1.937112e-023
5.340425e+002  1.941390e-023
5.352741e+002  1.945686e-023
5.365084e+002  1.949999e-023
5.377456e+002  1.954329e-023
5.389856e+002  1.958674e-023
5.402285e+002  1.963036e-023
5.414743e+002  1.967412e-023
5.427230e+002  1.971804e-023
5.439745e+002  1.976210e-023
5.452289e+002  1.980631e-023
5.464862e+002  1.985065e-023
5.477464e+002  1.989513e-023
5.490095e+002  1.993975e-023
5.502755e+002  1.998450e-023
5.515445e+002  2.002938e-023
5.528163e+002  2.007439e-023
5.540911e+002  2.011954e-023
5.553689e+002  2.016481e-023
5.566495e+002  2.021020e-023
5.579332e+002  2.025572e-023
5.592198e+002  2.030137e-023
5.605093e+002  2.034714e-023
5.618019e+002  2.039303e-023
5.630974e+002  2.043905e-023
5.643959e+002  2.048518e-023
5.656974e+002  2.053144e-023
5.670019e+002  2.057782e-023
5.683094e+002  2.062432e-023
5.696200e+002  2.067093e-023
5.709335e+002  2.071767e-023
5.722501e+002  2.076453e-023
5.735697e+002  2.081150e-023
5.748923e+002  2.085859e-023
5.762181e+002  2.090580e-023
5.775468e+002  2.095313e-023
5.788786e+002  2.100058e-023
5.802135e+002  2.104815e-023
5.815515e+002  2.109583e-023
5.828926e+002  2.114363e-023
5.842367e+002  2.119155e-023
5.855840e+002  2.123958e-023
5.869344e+002  2.128774e-023
5.882878e+002  2.133601e-023
5.896444e+002  2.138439e-023
5.910041e+002  2.143290e-023
5.923670e+002  2.148152e-023
5.937330e+002  2.153026e-023
5.951022e+002  2.157912e-023
5.964745e+002  2.162810e-023
5.978500e+002  2.167719e-023
5.992286e+002  2.172641e-023
6.006104e+002  2.177574e-023
6.019954e+002  2.182519e-023
6.033836e+002  2.187475e-023
6.047750e+002  2.192444e-023
6.061697e+002  2.197424e-023
6.075675e+002  2.202417e-023
6.089686e+002  2.207421e-023
6.103728e+002  2.212437e-023
6.117804e+002  2.217465e-023
6.131911e+002  2.222505e-023
6.146052e+002  2.227557e-023
6.160224e+002  2.232621e-023
6.174430e+002  2.237697e-023
6.188668e+002  2.242785e-023
6.202939e+002  2.247885e-023
6.217243e+002  2.252998e-023
6.231580e+002  2.258122e-023
6.245950e+002  2.263258e-023
6.260354e+002  2.268407e-023
6.274790e+002  2.273567e-023
6.289260e+002  2.278740e-023
6.303763e+002  2.283925e-023
6.318299e+002  2.289122e-023
6.332869e+002  2.294331e-023
6.347473e+002  2.299553e-023
6.362110e+002  2.304787e-023
6.376781e+002  2.310033e-023
6.391486e+002  2.315292e-023
6.406225e+002  2.320563e-023
6.420998e+002  2.325846e-023
6.435805e+002  2.331142e-023
6.450646e+002  2.336450e-023
6.465521e+002  2.341771e-023
6.480431e+002  2.347104e-023
6.495375e+002  2.352449e-023
6.510353e+002  2.357807e-023
6.525366e+002  2.363178e-023
6.540413e+002  2.368561e-023
6.555496e+002  2.373957e-023
6.570613e+002  2.379366e-023
6.585765e+002  2.384787e-023
6.600951e+002  2.390221e-023
6.616173e+002  2.395667e-023
6.631430e+002  2.401127e-023
6.646722e+002  2.406599e-023
6.662050e+002  2.412084e-023
6.677412e+002  2.417581e-023
6.692811e+002  2.423092e-023
6.708244e+002  2.428615e-023
6.723714e+002  2.434152e-023
6.739218e+002  2.439701e-023
6.754759e+002  2.445263e-023
6.770336e+002  2.450838e-023
6.785948e+002  2.456427e-023
6.801597e+002  2.462028e-023
6.817281e+002  2.467642e-023
6.833002e+002  2.473270e-023
6.848759e+002  2.478910e-023
6.864552e+002  2.484564e-023
6.880382e+002  2.490231e-023
6.896248e+002  2.495911e-023
6.912151e+002  2.501604e-023
6.928090e+002  2.507311e-023
6.944067e+002  2.513031e-023
6.960080e+002  2.518764e-023
6.976130e+002  2.524511e-023
6.992217e+002  2.530271e-023
7.008341e+002  2.536044e-023
7.024502e+002  2.541831e-023
7.040701e+002  2.547632e-023
7.056936e+002  2.553446e-023
7.073210e+002  2.559273e-023
7.089521e+002  2.565114e-023
7.105869e+002  2.570969e-023
7.122255e+002  2.576837e-023
7.138679e+002  2.582719e-023
7.155141e+002  2.588615e-023
7.171641e+002  2.594524e-023
7.188179e+002  2.600447e-023
7.204755e+002  2.606384e-023
7.221369e+002  2.612335e-023
7.238022e+002  2.618299e-023
7.254713e+002  2.624278e-023
7.271442e+002  2.630270e-023
7.288210e+002  2.636277e-023
7.305017e+002  2.642297e-023
7.321862e+002  2.648331e-023
7.338746e+002  2.654380e-023
7.355669e+002  2.660442e-023
7.372632e+002  2.666518e-023
7.389633e+002  2.672609e-023
7.406674e+002  2.678714e-023
7.423753e+002  2.684833e-023
7.440873e+002  2.690966e-023
7.458031e+002  2.697114e-023
7.475230e+002  2.703275e-023
7.492468e+002  2.709452e-023
7.509745e+002  2.715642e-023
7.527063e+002  2.721847e-023
7.544420e+002  2.728066e-023
7.561818e+002  2.734300e-023
7.579255e+002  2.740548e-023
7.596733e+002  2.746811e-023
7.614251e+002  2.753088e-023
7.631810e+002  2.759380e-023
7.649409e+002  2.765687e-023
7.667048e+002  2.772008e-023
7.684729e+002  2.778344e-023
7.702450e+002  2.784695e-023
7.720212e+002  2.791060e-023
7.738015e+002  2.797440e-023
7.755858e+002  2.803835e-023
7.773744e+002  2.810245e-023
7.791670e+002  2.816670e-023
7.809638e+002  2.823109e-023
7.827647e+002  2.829564e-023
7.845697e+002  2.836034e-023
7.863789e+002  2.842518e-023
7.881923e+002  2.849018e-023
7.900099e+002  2.855533e-023
7.918317e+002  2.862063e-023
7.936577e+002  2.868608e-023
7.954878e+002  2.875168e-023
7.973222e+002  2.881744e-023
7.991609e+002  2.888335e-023
8.010037e+002  2.894941e-023
8.028509e+002  2.901563e-023
8.047022e+002  2.908200e-023
8.065579e+002  2.914852e-023
8.084178e+002  2.921520e-023
8.102820e+002  2.928203e-023
8.121506e+002  2.934902e-023
8.140234e+002  2.941616e-023
8.159005e+002  2.948346e-023
8.177820e+002  2.955092e-023
8.196678e+002  2.961853e-023
8.215580e+002  2.968630e-023
8.234525e+002  2.975423e-023
8.253514e+002  2.982232e-023
8.272546e+002  2.989056e-023
8.291623e+002  2.995897e-023
8.310744e+002  3.002753e-023
8.329908e+002  3.009625e-023
8.349117e+002  3.016513e-023
8.368370e+002  3.023417e-023
8.387668e+002  3.030338e-023
8.407010e+002  3.037274e-023
8.426396e+002  3.044226e-023
8.445828e+002  3.051195e-023
8.465304e+002  3.058180e-023
8.484825e+002  3.065181e-023
8.504391e+002  3.072199e-023
8.524002e+002  3.079233e-023
8.543659e+002  3.086283e-023
8.563360e+002  3.093350e-023
8.583107e+002  3.100433e-023
8.602900e+002  3.107533e-023
8.622738e+002  3.114649e-023
8.642623e+002  3.121782e-023
8.662553e+002  3.128932e-023
8.682528e+002  3.136098e-023
8.702550e+002  3.143282e-023
8.722619e+002  3.150482e-023
8.742733e+002  3.157699e-023
8.762894e+002  3.164933e-023
8.783101e+002  3.172184e-023
8.803355e+002  3.179452e-023
8.823656e+002  3.186737e-023
8.844003e+002  3.194040e-023
8.864397e+002  3.201360e-023
8.884839e+002  3.208697e-023
8.905327e+002  3.216052e-023
8.925863e+002  3.223425e-023
8.946446e+002  3.230815e-023
8.967077e+002  3.238223e-023
8.987755e+002  3.245650e-023
9.008481e+002  3.253094e-023
9.029254e+002  3.260557e-023
9.050076e+002  3.268038e-023
9.070945e+002  3.275539e-023
9.091863e+002  3.283058e-023
9.112829e+002  3.290597e-023
9.133843e+002  3.298156e-023
9.154906e+002  3.305735e-023
9.176017e+002  3.313335e-023
9.197177e+002  3.320958e-023
9.218386e+002  3.328603e-023
9.239644e+002  3.336272e-023
9.260950e+002  3.343968e-023
9.282306e+002  3.351691e-023
9.303711e+002  3.359446e-023
9.325166e+002  3.367237e-023
9.346669e+002  3.375069e-023
9.368223e+002  3.382952e-023
9.389826e+002  3.390900e-023
9.411479e+002  3.398935e-023
9.433182e+002  3.407092e-023
9.454935e+002  3.415435e-023
9.476738e+002  3.424086e-023
9.498592e+002  3.433297e-023
9.520496e+002  3.443676e-023
9.542450e+002  3.457006e-023
9.564455e+002  3.480586e-023
9.586511e+002  3.575145e-023
9.630775e+002  3.572252e-023
9.652983e+002  3.509040e-023
9.675243e+002  3.503211e-023
9.697554e+002  3.506324e-023
9.719917e+002  3.512076e-023
9.742331e+002  3.518885e-023
9.764797e+002  3.526204e-023
9.787315e+002  3.533803e-023
9.809884e+002  3.541573e-023
9.832506e+002  3.549457e-023
9.855180e+002  3.557420e-023
9.877906e+002  3.565444e-023
9.900685e+002  3.573517e-023
9.923516e+002  3.581629e-023
9.946399e+002  3.589777e-023
9.969336e+002  3.597955e-023
9.992325e+002  3.606161e-023
1.001537e+003  3.614393e-023
1.003846e+003  3.622651e-023
1.006161e+003  3.630932e-023
1.008481e+003  3.639235e-023
1.010807e+003  3.647562e-023
1.013138e+003  3.655910e-023
1.015474e+003  3.664279e-023
1.017816e+003  3.672669e-023
1.020163e+003  3.681081e-023
1.022515e+003  3.689513e-023
1.024873e+003  3.697966e-023
1.027237e+003  3.706439e-023
1.029606e+003  3.714933e-023
1.031980e+003  3.723447e-023
1.034360e+003  3.731981e-023
1.036745e+003  3.740536e-023
1.039136e+003  3.749111e-023
1.041532e+003  3.757706e-023
1.043934e+003  3.766321e-023
1.046341e+003  3.774957e-023
1.048754e+003  3.783613e-023
1.051172e+003  3.792289e-023
1.053596e+003  3.800986e-023
1.056026e+003  3.809703e-023
1.058461e+003  3.818440e-023
1.060902e+003  3.827198e-023
1.063348e+003  3.835976e-023
1.065800e+003  3.844775e-023
1.068258e+003  3.853594e-023
1.070722e+003  3.862433e-023
1.073191e+003  3.871293e-023
1.075665e+003  3.880174e-023
1.078146e+003  3.889075e-023
1.080632e+003  3.897997e-023
1.083124e+003  3.906940e-023
1.085622e+003  3.915904e-023
1.088125e+003  3.924888e-023
1.090634e+003  3.933893e-023
1.093149e+003  3.942919e-023
1.095670e+003  3.951966e-023
1.098197e+003  3.961034e-023
1.100729e+003  3.970123e-023
1.103268e+003  3.979233e-023
1.105812e+003  3.988364e-023
1.108362e+003  3.997516e-023
1.110918e+003  4.006689e-023
1.113480e+003  4.015884e-023
1.116047e+003  4.025100e-023
1.118621e+003  4.034337e-023
1.121200e+003  4.043596e-023
1.123786e+003  4.052876e-023
1.126377e+003  4.062178e-023
1.128975e+003  4.071501e-023
1.131578e+003  4.080845e-023
1.134188e+003  4.090212e-023
1.136803e+003  4.099600e-023
1.139425e+003  4.109009e-023
1.142052e+003  4.118441e-023
1.144686e+003  4.127894e-023
1.147325e+003  4.137369e-023
1.149971e+003  4.146866e-023
1.152623e+003  4.156385e-023
1.155281e+003  4.165926e-023
1.157945e+003  4.175490e-023
1.160615e+003  4.185075e-023
1.163292e+003  4.194682e-023
1.165974e+003  4.204312e-023
1.168663e+003  4.213964e-023
1.171358e+003  4.223638e-023
1.174059e+003  4.233335e-023
1.176766e+003  4.243054e-023
1.179480e+003  4.252795e-023
1.182200e+003  4.262559e-023
1.184926e+003  4.272346e-023
1.187658e+003  4.282155e-023
1.190397e+003  4.291987e-023
1.193142e+003  4.301842e-023
1.195894e+003  4.311719e-023
1.198651e+003  4.321619e-023
1.201416e+003  4.331542e-023
1.204186e+003  4.341489e-023
1.206963e+003  4.351458e-023
1.209746e+003  4.361450e-023
1.212536e+003  4.371465e-023
1.215332e+003  4.381503e-023
1.218134e+003  4.391565e-023
1.220943e+003  4.401650e-023
1.223759e+003  4.411758e-023
1.226581e+003  4.421889e-023
1.229410e+003  4.432044e-023
1.232245e+003  4.442223e-023
1.235086e+003  4.452425e-023
1.237934e+003  4.462650e-023
1.240789e+003  4.472899e-023
1.243650e+003  4.483172e-023
1.246518e+003  4.493469e-023
1.249393e+003  4.503789e-023
1.252274e+003  4.514133e-023
1.255161e+003  4.524502e-023
1.258056e+003  4.534894e-023
1.260957e+003  4.545310e-023
1.263865e+003  4.555750e-023
1.266779e+003  4.566214e-023
1.269700e+003  4.576703e-023
1.272628e+003  4.587216e-023
1.275563e+003  4.597753e-023
1.278504e+003  4.608314e-023
1.281453e+003  4.618900e-023
1.284408e+003  4.629510e-023
1.287370e+003  4.640145e-023
1.290338e+003  4.650805e-023
1.293314e+003  4.661489e-023
1.296296e+003  4.672197e-023
1.299285e+003  4.682931e-023
1.302282e+003  4.693689e-023
1.305285e+003  4.704473e-023
1.308295e+003  4.715281e-023
1.311312e+003  4.726114e-023
1.314335e+003  4.736972e-023
1.317366e+003  4.747855e-023
1.320404e+003  4.758764e-023
1.323449e+003  4.769697e-023
1.326501e+003  4.780656e-023
1.329560e+003  4.791641e-023
1.332626e+003  4.802650e-023
1.335699e+003  4.813686e-023
1.338779e+003  4.824746e-023
1.341866e+003  4.835833e-023
1.344961e+003  4.846945e-023
1.348062e+003  4.858083e-023
1.351171e+003  4.869246e-023
1.354287e+003  4.880436e-023
1.357410e+003  4.891651e-023
1.360540e+003  4.902893e-023
1.363677e+003  4.914160e-023
1.366822e+003  4.925454e-023
1.369974e+003  4.936774e-023
1.373133e+003  4.948121e-023
1.376299e+003  4.959494e-023
1.379473e+003  4.970894e-023
1.382654e+003  4.982320e-023
1.385843e+003  4.993774e-023
1.389038e+003  5.005254e-023
1.392241e+003  5.016762e-023
1.395452e+003  5.028298e-023
1.398670e+003  5.039862e-023
1.401895e+003  5.051455e-023
1.405128e+003  5.063077e-023
1.408368e+003  5.074731e-023
1.411616e+003  5.086417e-023
1.414871e+003  5.098139e-023
1.418134e+003  5.109902e-023
1.421404e+003  5.121718e-023
1.424682e+003  5.133608e-023
1.427967e+003  5.145623e-023
1.431260e+003  5.157916e-023
1.434561e+003  5.171100e-023
1.437869e+003  5.190173e-023
1.444508e+003  5.213532e-023
1.447839e+003  5.218644e-023
1.451178e+003  5.229362e-023
1.454524e+003  5.240937e-023
1.457878e+003  5.252778e-023
1.461240e+003  5.264741e-023
1.464610e+003  5.276776e-023
1.467987e+003  5.288863e-023
1.471372e+003  5.300991e-023
1.474765e+003  5.313155e-023
1.478166e+003  5.325354e-023
1.481575e+003  5.337584e-023
1.484991e+003  5.349845e-023
1.488416e+003  5.362136e-023
1.491848e+003  5.374457e-023
1.495288e+003  5.386808e-023
1.498736e+003  5.399188e-023
1.502192e+003  5.411597e-023
1.505657e+003  5.424036e-023
1.509129e+003  5.436503e-023
1.512609e+003  5.449000e-023
1.516097e+003  5.461525e-023
1.519593e+003  5.474080e-023
1.523097e+003  5.486664e-023
1.526609e+003  5.499277e-023
1.530130e+003  5.511920e-023
1.533658e+003  5.524592e-023
1.537195e+003  5.537293e-023
1.540740e+003  5.550024e-023
1.544293e+003  5.562784e-023
1.547854e+003  5.575573e-023
1.551423e+003  5.588392e-023
1.555001e+003  5.601241e-023
1.558587e+003  5.614120e-023
1.562181e+003  5.627028e-023
1.565783e+003  5.639966e-023
1.569394e+003  5.652934e-023
1.573013e+003  5.665932e-023
1.576640e+003  5.678960e-023
1.580276e+003  5.692018e-023
1.583920e+003  5.705106e-023
1.587573e+003  5.718225e-023
1.591233e+003  5.731374e-023
1.594903e+003  5.744553e-023
1.598581e+003  5.757762e-023
1.602267e+003  5.771003e-023
1.605962e+003  5.784273e-023
1.609665e+003  5.797575e-023
1.613377e+003  5.810907e-023
1.617098e+003  5.824270e-023
1.620827e+003  5.837663e-023
1.624564e+003  5.851088e-023
1.628311e+003  5.864544e-023
1.632065e+003  5.878030e-023
1.635829e+003  5.891548e-023
1.639601e+003  5.905097e-023
1.643382e+003  5.918678e-023
1.647172e+003  5.932289e-023
1.650970e+003  5.945932e-023
1.654777e+003  5.959607e-023
1.658593e+003  5.973313e-023
1.662418e+003  5.987051e-023
1.666252e+003  6.000821e-023
1.670094e+003  6.014622e-023
1.673945e+003  6.028455e-023
1.677805e+003  6.042320e-023
1.681674e+003  6.056218e-023
1.685552e+003  6.070147e-023
1.689439e+003  6.084108e-023
1.693335e+003  6.098102e-023
1.697240e+003  6.112128e-023
1.701154e+003  6.126186e-023
1.705077e+003  6.140277e-023
1.709009e+003  6.154400e-023
1.712950e+003  6.168556e-023
1.716900e+003  6.182745e-023
1.720859e+003  6.196966e-023
1.724827e+003  6.211220e-023
1.728805e+003  6.225507e-023
1.732791e+003  6.239827e-023
1.736787e+003  6.254180e-023
1.740792e+003  6.268566e-023
1.744806e+003  6.282986e-023
1.748830e+003  6.297439e-023
1.752863e+003  6.311925e-023
1.756905e+003  6.326444e-023
1.760956e+003  6.340997e-023
1.765017e+003  6.355584e-023
1.769087e+003  6.370204e-023
1.773167e+003  6.384858e-023
1.777256e+003  6.399546e-023
1.781354e+003  6.414268e-023
1.785462e+003  6.429024e-023
1.789579e+003  6.443814e-023
1.793706e+003  6.458638e-023
1.797842e+003  6.473496e-023
1.801988e+003  6.488389e-023
1.806143e+003  6.503316e-023
1.810308e+003  6.518277e-023
1.814483e+003  6.533273e-023
1.818667e+003  6.548304e-023
1.822861e+003  6.563369e-023
1.827065e+003  6.578469e-023
1.831278e+003  6.593604e-023
1.835501e+003  6.608774e-023
1.839734e+003  6.623979e-023
1.843976e+003  6.639220e-023
1.848228e+003  6.654495e-023
1.852490e+003  6.669806e-023
1.856762e+003  6.685153e-023
1.861044e+003  6.700535e-023
1.865335e+003  6.715952e-023
1.869637e+003  6.731406e-023
1.873948e+003  6.746896e-023
1.878270e+003  6.762423e-023
1.882601e+003  6.777986e-023
1.886942e+003  6.793587e-023
1.891293e+003  6.809227e-023
1.895655e+003  6.824908e-023
1.900026e+003  6.840633e-023
1.904408e+003  6.856414e-023
1.908799e+003  6.872282e-023
1.913201e+003  6.888365e-023
1.917613e+003  6.905865e-023
1.922035e+003  7.055629e-023
1.926467e+003  6.936880e-023
1.930910e+003  6.951868e-023
1.935362e+003  6.967664e-023
1.939825e+003  6.983624e-023
1.944298e+003  6.999660e-023
1.948782e+003  7.015748e-023
1.953276e+003  7.031880e-023
1.957780e+003  7.048054e-023
1.962295e+003  7.064267e-023
1.966820e+003  7.080519e-023
1.971355e+003  7.096810e-023
1.975901e+003  7.113139e-023
1.980458e+003  7.129506e-023
1.985025e+003  7.145911e-023
1.989602e+003  7.162354e-023
1.994190e+003  7.178836e-023
1.998789e+003  7.195355e-023
2.003398e+003  7.211913e-023
2.008018e+003  7.228509e-023
2.012648e+003  7.245143e-023
2.017290e+003  7.261816e-023
2.021942e+003  7.278527e-023
2.026604e+003  7.295277e-023
2.031277e+003  7.312066e-023
2.035962e+003  7.328893e-023
2.040657e+003  7.345760e-023
2.045362e+003  7.362665e-023
2.050079e+003  7.379609e-023
2.054806e+003  7.396593e-023
2.059545e+003  7.413615e-023
2.064294e+003  7.430677e-023
2.069054e+003  7.447778e-023
2.073826e+003  7.464919e-023
2.078608e+003  7.482099e-023
2.083401e+003  7.499319e-023
2.088206e+003  7.516579e-023
2.093021e+003  7.533878e-023
2.097848e+003  7.551217e-023
2.102685e+003  7.568597e-023
2.107534e+003  7.586016e-023
2.112394e+003  7.603476e-023
2.117265e+003  7.620976e-023
2.122148e+003  7.638516e-023
2.127041e+003  7.656097e-023
2.131946e+003  7.673719e-023
2.136863e+003  7.691381e-023
2.141790e+003  7.709084e-023
2.146729e+003  7.726827e-023
2.151680e+003  7.744612e-023
2.156641e+003  7.762438e-023
2.161615e+003  7.780304e-023
2.166599e+003  7.798212e-023
2.171595e+003  7.816162e-023
2.176603e+003  7.834152e-023
2.181622e+003  7.852185e-023
2.186653e+003  7.870259e-023
2.191696e+003  7.888374e-023
2.196750e+003  7.906532e-023
2.201816e+003  7.924731e-023
2.206893e+003  7.942972e-023
2.211982e+003  7.961256e-023
2.217083e+003  7.979581e-023
2.222195e+003  7.997949e-023
2.227320e+003  8.016359e-023
2.232456e+003  8.034812e-023
2.237604e+003  8.053307e-023
2.242764e+003  8.071845e-023
2.247936e+003  8.090426e-023
2.253120e+003  8.109049e-023
2.258315e+003  8.127716e-023
2.263523e+003  8.146426e-023
2.268743e+003  8.165178e-023
2.273975e+003  8.183974e-023
2.279218e+003  8.202814e-023
2.284474e+003  8.221697e-023
2.289742e+003  8.240623e-023
2.295022e+003  8.259594e-023
2.300315e+003  8.278608e-023
2.305619e+003  8.297665e-023
2.310936e+003  8.316767e-023
2.316265e+003  8.335913e-023
2.321606e+003  8.355104e-023
2.326960e+003  8.374338e-023
2.332326e+003  8.393617e-023
2.337704e+003  8.412941e-023
2.343095e+003  8.432309e-023
2.348498e+003  8.451722e-023
2.353914e+003  8.471180e-023
2.359342e+003  8.490684e-023
2.364783e+003  8.510233e-023
2.370236e+003  8.529829e-023
2.375702e+003  8.549473e-023
2.381180e+003  8.569167e-023
2.386671e+003  8.588922e-023
2.392175e+003  8.608780e-023
2.397691e+003  8.629205e-023
2.403220e+003  8.656392e-023
2.408762e+003  8.668515e-023
2.414317e+003  8.688273e-023
2.419884e+003  8.708231e-023
2.425465e+003  8.728263e-023
2.431058e+003  8.748349e-023
2.436664e+003  8.768486e-023
2.442283e+003  8.788671e-023
2.447915e+003  8.808904e-023
2.453560e+003  8.829184e-023
2.459217e+003  8.849511e-023
2.464888e+003  8.869885e-023
2.470572e+003  8.890306e-023
2.476270e+003  8.910775e-023
2.481980e+003  8.931291e-023
2.487703e+003  8.951854e-023
2.493440e+003  8.972465e-023
2.499190e+003  8.993123e-023
2.504953e+003  9.013829e-023
2.510730e+003  9.034583e-023
2.516519e+003  9.055385e-023
2.522322e+003  9.076234e-023
2.528139e+003  9.097132e-023
2.533969e+003  9.118078e-023
2.539812e+003  9.139073e-023
2.545669e+003  9.160115e-023
2.551539e+003  9.181207e-023
2.557423e+003  9.202347e-023
2.563321e+003  9.223535e-023
2.569232e+003  9.244773e-023
2.575156e+003  9.266060e-023
2.581095e+003  9.287396e-023
2.587047e+003  9.308781e-023
2.593012e+003  9.330215e-023
2.598992e+003  9.351699e-023
2.604985e+003  9.373232e-023
2.610992e+003  9.394815e-023
2.617013e+003  9.416448e-023
2.623048e+003  9.438130e-023
2.629097e+003  9.459863e-023
2.635160e+003  9.481646e-023
2.641236e+003  9.503479e-023
2.647327e+003  9.525363e-023
2.653432e+003  9.547297e-023
2.659551e+003  9.569281e-023
2.665684e+003  9.591316e-023
2.671831e+003  9.613403e-023
2.677992e+003  9.635540e-023
2.684167e+003  9.657728e-023
2.690357e+003  9.679967e-023
2.696561e+003  9.702258e-023
2.702779e+003  9.724600e-023
2.709012e+003  9.746993e-023
2.715259e+003  9.769439e-023
2.721520e+003  9.791936e-023
2.727796e+003  9.814485e-023
2.734087e+003  9.837085e-023
2.740391e+003  9.859739e-023
2.746711e+003  9.882444e-023
2.753045e+003  9.905202e-023
2.759393e+003  9.928012e-023
2.765756e+003  9.950875e-023
2.772134e+003  9.973790e-023
2.778527e+003  9.996759e-023
2.784934e+003  1.001978e-022
2.791356e+003  1.004285e-022
2.797793e+003  1.006598e-022
2.804245e+003  1.008916e-022
2.810712e+003  1.011240e-022
2.817193e+003  1.013569e-022
2.823690e+003  1.015903e-022
2.830201e+003  1.018243e-022
2.836727e+003  1.020588e-022
2.843269e+003  1.022938e-022
2.849826e+003  1.025294e-022
2.856397e+003  1.027656e-022
2.862984e+003  1.030023e-022
2.869586e+003  1.032398e-022
2.876203e+003  1.034788e-022
2.882836e+003  1.039579e-022
2.889484e+003  1.039555e-022
2.896147e+003  1.041940e-022
2.902826e+003  1.044338e-022
2.909520e+003  1.046742e-022
2.916229e+003  1.049153e-022
2.922954e+003  1.051569e-022
2.929694e+003  1.053991e-022
2.936450e+003  1.056418e-022
2.943221e+003  1.058851e-022
2.950009e+003  1.061290e-022
2.956811e+003  1.063734e-022
2.963630e+003  1.066184e-022
2.970464e+003  1.068639e-022
2.977314e+003  1.071101e-022
2.984179e+003  1.073567e-022
2.991061e+003  1.076040e-022
2.997958e+003  1.078518e-022
3.004872e+003  1.081002e-022
3.011801e+003  1.083492e-022
3.018746e+003  1.085987e-022
3.025708e+003  1.088489e-022
3.032685e+003  1.090996e-022
3.039678e+003  1.093508e-022
3.046688e+003  1.096027e-022
3.053713e+003  1.098551e-022
3.060755e+003  1.101082e-022
3.067813e+003  1.103618e-022
3.074888e+003  1.106160e-022
3.081979e+003  1.108707e-022
3.089086e+003  1.111261e-022
3.096209e+003  1.113821e-022
3.103349e+003  1.116386e-022
3.110505e+003  1.118957e-022
3.117678e+003  1.121535e-022
3.124868e+003  1.124118e-022
3.132073e+003  1.126707e-022
3.139296e+003  1.129302e-022
3.146535e+003  1.131903e-022
3.153791e+003  1.134510e-022
3.161064e+003  1.137124e-022
3.168353e+003  1.139743e-022
3.175660e+003  1.142368e-022
3.182983e+003  1.144999e-022
3.190323e+003  1.147637e-022
3.197680e+003  1.150280e-022
3.205053e+003  1.152930e-022
3.212444e+003  1.155585e-022
3.219852e+003  1.158247e-022
3.227277e+003  1.160915e-022
3.234719e+003  1.163589e-022
3.242179e+003  1.166269e-022
3.249655e+003  1.168956e-022
3.257149e+003  1.171648e-022
3.264660e+003  1.174347e-022
3.272188e+003  1.177052e-022
3.279734e+003  1.179763e-022
3.287297e+003  1.182481e-022
3.294878e+003  1.185205e-022
3.302476e+003  1.187935e-022
3.310091e+003  1.190671e-022
3.317724e+003  1.193414e-022
3.325375e+003  1.196163e-022
3.333043e+003  1.198919e-022
3.340729e+003  1.201681e-022
3.348433e+003  1.204450e-022
3.356155e+003  1.207231e-022
3.363894e+003  1.210251e-022
3.371651e+003  1.212795e-022
3.379426e+003  1.215586e-022
3.387219e+003  1.218385e-022
3.395030e+003  1.221191e-022
3.402859e+003  1.224004e-022
3.410706e+003  1.226824e-022
3.418571e+003  1.229650e-022
3.426454e+003  1.232482e-022
3.434356e+003  1.235322e-022
3.442275e+003  1.238167e-022
3.450213e+003  1.241019e-022
3.458170e+003  1.243878e-022
3.466144e+003  1.246744e-022
3.474137e+003  1.249616e-022
3.482148e+003  1.252494e-022
3.490178e+003  1.255380e-022
3.498227e+003  1.258272e-022
3.506294e+003  1.261170e-022
3.514379e+003  1.264075e-022
3.522483e+003  1.266987e-022
3.530606e+003  1.269906e-022
3.538748e+003  1.272832e-022
3.546908e+003  1.275764e-022
3.555087e+003  1.278703e-022
3.563285e+003  1.281649e-022
3.571502e+003  1.284601e-022
3.579738e+003  1.287560e-022
3.587993e+003  1.290527e-022
3.596267e+003  1.293500e-022
3.604560e+003  1.296479e-022
3.612872e+003  1.299466e-022
3.621204e+003  1.302460e-022
3.629554e+003  1.305460e-022
3.637924e+003  1.308468e-022
3.646313e+003  1.311482e-022
3.654721e+003  1.314503e-022
3.663149e+003  1.317532e-022
3.671597e+003  1.320567e-022
3.680063e+003  1.323609e-022
3.688550e+003  1.326659e-022
3.697055e+003  1.329715e-022
3.705581e+003  1.332778e-022
3.714126e+003  1.335849e-022
3.722691e+003  1.338926e-022
3.731275e+003  1.342011e-022
3.739880e+003  1.345103e-022
3.748504e+003  1.348202e-022
3.757148e+003  1.351308e-022
3.765812e+003  1.354421e-022
3.774496e+003  1.357541e-022
3.783200e+003  1.360669e-022
3.791924e+003  1.363804e-022
3.800668e+003  1.366946e-022
3.809433e+003  1.370095e-022
3.818217e+003  1.373252e-022
3.827022e+003  1.376416e-022
3.835847e+003  1.379590e-022
3.844693e+003  1.382845e-022
3.853558e+003  1.385952e-022
3.862445e+003  1.389144e-022
3.871352e+003  1.392344e-022
3.880279e+003  1.395552e-022
3.889227e+003  1.398767e-022
3.898196e+003  1.401990e-022
3.907185e+003  1.405220e-022
3.916195e+003  1.408457e-022
3.925226e+003  1.411702e-022
3.934277e+003  1.414955e-022
3.943350e+003  1.418215e-022
3.952443e+003  1.421482e-022
3.961557e+003  1.424757e-022
3.970693e+003  1.428040e-022
3.979849e+003  1.431330e-022
3.989027e+003  1.434628e-022
3.998226e+003  1.437933e-022
4.007445e+003  1.441246e-022
4.016687e+003  1.444567e-022
4.025949e+003  1.447895e-022
4.035233e+003  1.451231e-022
4.044538e+003  1.454575e-022
4.053865e+003  1.457926e-022
4.063213e+003  1.461285e-022
4.072583e+003  1.464652e-022
4.081975e+003  1.468027e-022
4.091388e+003  1.471409e-022
4.100822e+003  1.474799e-022
4.110279e+003  1.478197e-022
4.119757e+003  1.481603e-022
4.129257e+003  1.485017e-022
4.138780e+003  1.488438e-022
4.148324e+003  1.491868e-022
4.157890e+003  1.495305e-022
4.167478e+003  1.498750e-022
4.177088e+003  1.502204e-022
4.186720e+003  1.505665e-022
4.196375e+003  1.509134e-022
4.206052e+003  1.512611e-022
4.215751e+003  1.516096e-022
4.225473e+003  1.519590e-022
4.235217e+003  1.523091e-022
4.244983e+003  1.526600e-022
4.254772e+003  1.530118e-022
4.264584e+003  1.533643e-022
4.274418e+003  1.537177e-022
4.284275e+003  1.540719e-022
4.294154e+003  1.544269e-022
4.304056e+003  1.547828e-022
4.313982e+003  1.551395e-022
4.323930e+003  1.555599e-022
4.333901e+003  1.558552e-022
4.343895e+003  1.562143e-022
4.353912e+003  1.565742e-022
4.363952e+003  1.569350e-022
4.374015e+003  1.572966e-022
4.384102e+003  1.576590e-022
4.394212e+003  1.580223e-022
4.404345e+003  1.583864e-022
4.414501e+003  1.587514e-022
4.424681e+003  1.591172e-022
4.434884e+003  1.594838e-022
4.445111e+003  1.598513e-022
4.455362e+003  1.602196e-022
4.465636e+003  1.605888e-022
4.475934e+003  1.609588e-022
4.486255e+003  1.613297e-022
4.496600e+003  1.617015e-022
4.506970e+003  1.620741e-022
4.517363e+003  1.624475e-022
4.527780e+003  1.628218e-022
4.538221e+003  1.631970e-022
4.548686e+003  1.635731e-022
4.559175e+003  1.639500e-022
4.569689e+003  1.643278e-022
4.580227e+003  1.647064e-022
4.590789e+003  1.650860e-022
4.601375e+003  1.654664e-022
4.611986e+003  1.658476e-022
4.622621e+003  1.662298e-022
4.633281e+003  1.666129e-022
4.643965e+003  1.669968e-022
4.654674e+003  1.673816e-022
4.665408e+003  1.677673e-022
4.676166e+003  1.681539e-022
4.686950e+003  1.685414e-022
4.697758e+003  1.689297e-022
4.708591e+003  1.693190e-022
4.719449e+003  1.697092e-022
4.730332e+003  1.701002e-022
4.741240e+003  1.704922e-022
4.752174e+003  1.708851e-022
4.763132e+003  1.712789e-022
4.774116e+003  1.716736e-022
4.785125e+003  1.720692e-022
4.796160e+003  1.724658e-022
4.807220e+003  1.728638e-022
4.818305e+003  1.732615e-022
4.829416e+003  1.736607e-022
4.840553e+003  1.740609e-022
4.851715e+003  1.744620e-022
4.862903e+003  1.748640e-022
4.874117e+003  1.752670e-022
4.885357e+003  1.756708e-022
4.896623e+003  1.760757e-022
4.907914e+003  1.764814e-022
4.919232e+003  1.768881e-022
4.930576e+003  1.772957e-022
4.941946e+003  1.777043e-022
4.953342e+003  1.781138e-022
4.964764e+003  1.785242e-022
4.976213e+003  1.789356e-022
4.987688e+003  1.793480e-022
4.999190e+003  1.797613e-022
5.010718e+003  1.801755e-022
5.022273e+003  1.805907e-022
5.033854e+003  1.810069e-022
5.045462e+003  1.814240e-022
5.057097e+003  1.818421e-022
5.068759e+003  1.822611e-022
5.080447e+003  1.826812e-022
5.092163e+003  1.831021e-022
5.103906e+003  1.835241e-022
5.115675e+003  1.839470e-022
5.127472e+003  1.843709e-022
5.139296e+003  1.847958e-022
5.151147e+003  1.852217e-022
5.163026e+003  1.856485e-022
5.174932e+003  1.860763e-022
5.186865e+003  1.865052e-022
5.198826e+003  1.869350e-022
5.210815e+003  1.873658e-022
5.222831e+003  1.877975e-022
5.234875e+003  1.882303e-022
5.246946e+003  1.886641e-022
5.259046e+003  1.890989e-022
5.271173e+003  1.895347e-022
5.283329e+003  1.899782e-022
5.295512e+003  1.904093e-022
5.307724e+003  1.908481e-022
5.319963e+003  1.912879e-022
5.332231e+003  1.917287e-022
5.344527e+003  1.921706e-022
5.356852e+003  1.926134e-022
5.369205e+003  1.930573e-022
5.381586e+003  1.935022e-022
5.393996e+003  1.939482e-022
5.406435e+003  1.943951e-022
5.418902e+003  1.948431e-022
5.431398e+003  1.952922e-022
5.443923e+003  1.957422e-022
5.456477e+003  1.961933e-022
5.469059e+003  1.966455e-022
5.481671e+003  1.970987e-022
5.494312e+003  1.975529e-022
5.506982e+003  1.980082e-022
5.519681e+003  1.984645e-022
5.532409e+003  1.989219e-022
5.545167e+003  1.993803e-022
5.557954e+003  1.998398e-022
5.570771e+003  2.003004e-022
5.583617e+003  2.007620e-022
5.596493e+003  2.012247e-022
5.609399e+003  2.016884e-022
5.622334e+003  2.021533e-022
5.635299e+003  2.026191e-022
5.648294e+003  2.030861e-022
5.661319e+003  2.035542e-022
5.674374e+003  2.040233e-022
5.687459e+003  2.044935e-022
5.700575e+003  2.049648e-022
5.713720e+003  2.054371e-022
5.726896e+003  2.059106e-022
5.740102e+003  2.063852e-022
5.753339e+003  2.068608e-022
5.766606e+003  2.073386e-022
5.779904e+003  2.078154e-022
5.793233e+003  2.082944e-022
5.806592e+003  2.087744e-022
5.819982e+003  2.092556e-022
5.833403e+003  2.097378e-022
5.846855e+003  2.102212e-022
5.860338e+003  2.107057e-022
5.873852e+003  2.111913e-022
5.887397e+003  2.116781e-022
5.900973e+003  2.121659e-022
5.914581e+003  2.126549e-022
5.928220e+003  2.131450e-022
5.941890e+003  2.136362e-022
5.955593e+003  2.141286e-022
5.969326e+003  2.146221e-022
5.983091e+003  2.151168e-022
5.996889e+003  2.156125e-022
6.010717e+003  2.161095e-022
6.024578e+003  2.166076e-022
6.038471e+003  2.171068e-022
6.052396e+003  2.176072e-022
6.066353e+003  2.181087e-022
6.080342e+003  2.186114e-022
6.094363e+003  2.191152e-022
6.108417e+003  2.196202e-022
6.122503e+003  2.201264e-022
6.136621e+003  2.206337e-022
6.150772e+003  2.211422e-022
6.164956e+003  2.216519e-022
6.179172e+003  2.221628e-022
6.193422e+003  2.226748e-022
6.207704e+003  2.231880e-022
6.222019e+003  2.237024e-022
6.236367e+003  2.242181e-022
6.250748e+003  2.247349e-022
6.265162e+003  2.252528e-022
6.279610e+003  2.257719e-022
6.294090e+003  2.262923e-022
6.308605e+003  2.268138e-022
6.323152e+003  2.273366e-022
6.337734e+003  2.278606e-022
6.352348e+003  2.283857e-022
6.366997e+003  2.289121e-022
6.381679e+003  2.294397e-022
6.396396e+003  2.299685e-022
6.411146e+003  2.304986e-022
6.425930e+003  2.310298e-022
6.440748e+003  2.315623e-022
6.455600e+003  2.320960e-022
6.470487e+003  2.326310e-022
6.485408e+003  2.331671e-022
6.500364e+003  2.337046e-022
6.515353e+003  2.342432e-022
6.530378e+003  2.347831e-022
6.545437e+003  2.353242e-022
6.560531e+003  2.358666e-022
6.575659e+003  2.364103e-022
6.590823e+003  2.369552e-022
6.606021e+003  2.375013e-022
6.621255e+003  2.380487e-022
6.636524e+003  2.385974e-022
6.651828e+003  2.391473e-022
6.667167e+003  2.396985e-022
6.682541e+003  2.402510e-022
6.697951e+003  2.408048e-022
6.713397e+003  2.413598e-022
6.728878e+003  2.419163e-022
6.744395e+003  2.424737e-022
6.759947e+003  2.430325e-022
6.775536e+003  2.435927e-022
6.791160e+003  2.441542e-022
6.806821e+003  2.447169e-022
6.822517e+003  2.452810e-022
6.838250e+003  2.458463e-022
6.854019e+003  2.464130e-022
6.869825e+003  2.469809e-022
6.885666e+003  2.475502e-022
6.901545e+003  2.481208e-022
6.917460e+003  2.486927e-022
6.933412e+003  2.492659e-022
6.949400e+003  2.498404e-022
6.965425e+003  2.504163e-022
6.981488e+003  2.509935e-022
6.997587e+003  2.515720e-022
7.013724e+003  2.521519e-022
7.029897e+003  2.527331e-022
7.046108e+003  2.533156e-022
7.062357e+003  2.538995e-022
7.078643e+003  2.544847e-022
7.094966e+003  2.550713e-022
7.111327e+003  2.556592e-022
7.127726e+003  2.562485e-022
7.144162e+003  2.568391e-022
7.160637e+003  2.574311e-022
7.177149e+003  2.580245e-022
7.193700e+003  2.586192e-022
7.210289e+003  2.592154e-022
7.226916e+003  2.598128e-022
7.243581e+003  2.604117e-022
7.260285e+003  2.610119e-022
7.277027e+003  2.616135e-022
7.293808e+003  2.622165e-022
7.310627e+003  2.628210e-022
7.327486e+003  2.634267e-022
7.344383e+003  2.640339e-022
7.361319e+003  2.646425e-022
7.378294e+003  2.652525e-022
7.395309e+003  2.658639e-022
7.412363e+003  2.664768e-022
7.429455e+003  2.670910e-022
7.446588e+003  2.677066e-022
7.463760e+003  2.683237e-022
7.480971e+003  2.689422e-022
7.498222e+003  2.695621e-022
7.515513e+003  2.701834e-022
7.532844e+003  2.708062e-022
7.550215e+003  2.714304e-022
7.567626e+003  2.720561e-022
7.585077e+003  2.726832e-022
7.602568e+003  2.733117e-022
7.620100e+003  2.739417e-022
7.637672e+003  2.745731e-022
7.655284e+003  2.752060e-022
7.672937e+003  2.758404e-022
7.690631e+003  2.764763e-022
7.708366e+003  2.771135e-022
7.726141e+003  2.777523e-022
7.743958e+003  2.783925e-022
7.761816e+003  2.790342e-022
7.779714e+003  2.796774e-022
7.797654e+003  2.803221e-022
7.815636e+003  2.809682e-022
7.833659e+003  2.816159e-022
7.851723e+003  2.822650e-022
7.869829e+003  2.829157e-022
7.887977e+003  2.835678e-022
7.906167e+003  2.842214e-022
7.924399e+003  2.848766e-022
7.942672e+003  2.855332e-022
7.960988e+003  2.861914e-022
7.979346e+003  2.868511e-022
7.997747e+003  2.875123e-022
8.016190e+003  2.881751e-022
8.034675e+003  2.888393e-022
8.053203e+003  2.895051e-022
8.071774e+003  2.901725e-022
8.090387e+003  2.908413e-022
8.109044e+003  2.915117e-022
8.127744e+003  2.921837e-022
8.146486e+003  2.928572e-022
8.165272e+003  2.935329e-022
8.184101e+003  2.942089e-022
8.202974e+003  2.948871e-022
8.221890e+003  2.955668e-022
8.240850e+003  2.962481e-022
8.259853e+003  2.969310e-022
8.278900e+003  2.976155e-022
8.297992e+003  2.983015e-022
8.317127e+003  2.989891e-022
8.336306e+003  2.996783e-022
8.355530e+003  3.003691e-022
8.374798e+003  3.010615e-022
8.394110e+003  3.017555e-022
8.413467e+003  3.024511e-022
8.432868e+003  3.031483e-022
8.452315e+003  3.038471e-022
8.471806e+003  3.045475e-022
8.491342e+003  3.052495e-022
8.510923e+003  3.059531e-022
8.530549e+003  3.066584e-022
8.550221e+003  3.073653e-022
8.569938e+003  3.080738e-022
8.589700e+003  3.087840e-022
8.609508e+003  3.094958e-022
8.629361e+003  3.102092e-022
8.649261e+003  3.109244e-022
8.669206e+003  3.116410e-022
8.689197e+003  3.123594e-022
8.709235e+003  3.130794e-022
8.729318e+003  3.138011e-022
8.749448e+003  3.145245e-022
8.769624e+003  3.152495e-022
8.789847e+003  3.159762e-022
8.810117e+003  3.167046e-022
8.830433e+003  3.174347e-022
8.850796e+003  3.181664e-022
8.871206e+003  3.188998e-022
8.891663e+003  3.196349e-022
8.912167e+003  3.203718e-022
8.932719e+003  3.211103e-022
8.953318e+003  3.218505e-022
8.973964e+003  3.225924e-022
8.994658e+003  3.233361e-022
9.015400e+003  3.240814e-022
9.036189e+003  3.248285e-022
9.057027e+003  3.255773e-022
9.077913e+003  3.263278e-022
9.098846e+003  3.270800e-022
9.119828e+003  3.278340e-022
9.140859e+003  3.285897e-022
9.161938e+003  3.293472e-022
9.183065e+003  3.301064e-022
9.204241e+003  3.308674e-022
9.225466e+003  3.316301e-022
9.246740e+003  3.323946e-022
9.268063e+003  3.331608e-022
9.289436e+003  3.339288e-022
9.310857e+003  3.346986e-022
9.332328e+003  3.354702e-022
9.353848e+003  3.362435e-022
9.375419e+003  3.370186e-022
9.397038e+003  3.377955e-022
9.418708e+003  3.385742e-022
9.440428e+003  3.393547e-022
9.462197e+003  3.401370e-022
9.484017e+003  3.409211e-022
9.505887e+003  3.417070e-022
9.527808e+003  3.424947e-022
9.549779e+003  3.432842e-022
9.571801e+003  3.440756e-022
9.593874e+003  3.448688e-022
9.615997e+003  3.456638e-022
9.638172e+003  3.464606e-022
9.660398e+003  3.472593e-022
9.682674e+003  3.480598e-022
9.705003e+003  3.488622e-022
9.727383e+003  3.496664e-022
9.749814e+003  3.504724e-022
9.772297e+003  3.512804e-022
9.794832e+003  3.520902e-022
9.817419e+003  3.529018e-022
9.840058e+003  3.537154e-022
9.862749e+003  3.545308e-022
9.885493e+003  3.553481e-022
9.908289e+003  3.561672e-022
9.931138e+003  3.569883e-022
9.954039e+003  3.578112e-022
9.976993e+003  3.586361e-022
1.000000e+004  3.594628e-022
