## @file 
# Early ALIGO (2015) ASD
9.0000000e+00 2.0315133e-21
9.0203998e+00 2.4115253e-21
9.0408458e+00 3.0978500e-21
9.0613382e+00 4.6064717e-21
9.0818770e+00 1.0007255e-20
9.1024624e+00 4.1375496e-20
9.1230944e+00 6.7000822e-21
9.1437733e+00 3.7140344e-21
9.1644989e+00 2.6361497e-21
9.1852716e+00 2.0976150e-21
9.2060913e+00 1.7837581e-21
9.2269583e+00 1.5832162e-21
9.2478725e+00 1.4467633e-21
9.2688341e+00 1.3494487e-21
9.2898433e+00 1.2774003e-21
9.3109000e+00 1.2223720e-21
9.3320045e+00 1.1792069e-21
9.3531568e+00 1.1445471e-21
9.3743571e+00 1.1161329e-21
9.3956054e+00 1.0924006e-21
9.4169019e+00 1.0722422e-21
9.4382467e+00 1.0548558e-21
9.4596398e+00 1.0396507e-21
9.4810815e+00 1.0261843e-21
9.5025717e+00 1.0141201e-21
9.5241107e+00 1.0031991e-21
9.5456984e+00 9.9321909e-22
9.5673351e+00 9.8402090e-22
9.5890209e+00 9.7547772e-22
9.6107557e+00 9.6748765e-22
9.6325399e+00 9.5996809e-22
9.6543734e+00 9.5285155e-22
9.6762565e+00 9.4608248e-22
9.6981891e+00 9.3961485e-22
9.7201714e+00 9.3341028e-22
9.7422036e+00 9.2743655e-22
9.7642857e+00 9.2166648e-22
9.7864179e+00 9.1607701e-22
9.8086002e+00 9.1064848e-22
9.8308328e+00 9.0536404e-22
9.8531158e+00 9.0020922e-22
9.8754493e+00 8.9517150e-22
9.8978334e+00 8.9024001e-22
9.9202683e+00 8.8540530e-22
9.9427540e+00 8.8065911e-22
9.9652907e+00 8.7599418e-22
9.9878784e+00 8.7140414e-22
1.0010517e+01 8.6688336e-22
1.0033208e+01 8.6242686e-22
1.0055949e+01 8.5803021e-22
1.0078743e+01 8.5368948e-22
1.0101588e+01 8.4940114e-22
1.0124484e+01 8.4516204e-22
1.0147433e+01 8.4096935e-22
1.0170433e+01 8.3682052e-22
1.0193486e+01 8.3271326e-22
1.0216591e+01 8.2864550e-22
1.0239749e+01 8.2461536e-22
1.0262958e+01 8.2062112e-22
1.0286221e+01 8.1666124e-22
1.0309536e+01 8.1273430e-22
1.0332904e+01 8.0883901e-22
1.0356325e+01 8.0497418e-22
1.0379799e+01 8.0113874e-22
1.0403327e+01 7.9733167e-22
1.0426907e+01 7.9355207e-22
1.0450541e+01 7.8979908e-22
1.0474229e+01 7.8607193e-22
1.0497970e+01 7.8236990e-22
1.0521765e+01 7.7869230e-22
1.0545615e+01 7.7503852e-22
1.0569518e+01 7.7140798e-22
1.0593475e+01 7.6780014e-22
1.0617487e+01 7.6421450e-22
1.0641553e+01 7.6065058e-22
1.0665673e+01 7.5710794e-22
1.0689849e+01 7.5358617e-22
1.0714079e+01 7.5008489e-22
1.0738364e+01 7.4660373e-22
1.0762704e+01 7.4314234e-22
1.0787099e+01 7.3970040e-22
1.0811549e+01 7.3627760e-22
1.0836055e+01 7.3287366e-22
1.0860617e+01 7.2948830e-22
1.0885234e+01 7.2612126e-22
1.0909907e+01 7.2277229e-22
1.0934636e+01 7.1944115e-22
1.0959421e+01 7.1612763e-22
1.0984262e+01 7.1283151e-22
1.1009159e+01 7.0955258e-22
1.1034113e+01 7.0629066e-22
1.1059124e+01 7.0304554e-22
1.1084191e+01 6.9981706e-22
1.1109315e+01 6.9660504e-22
1.1134495e+01 6.9340931e-22
1.1159733e+01 6.9022972e-22
1.1185028e+01 6.8706612e-22
1.1210381e+01 6.8391835e-22
1.1235791e+01 6.8078627e-22
1.1261258e+01 6.7766975e-22
1.1286784e+01 6.7456864e-22
1.1312367e+01 6.7148283e-22
1.1338008e+01 6.6841219e-22
1.1363707e+01 6.6535659e-22
1.1389465e+01 6.6231592e-22
1.1415280e+01 6.5929006e-22
1.1441155e+01 6.5627890e-22
1.1467088e+01 6.5328234e-22
1.1493080e+01 6.5030025e-22
1.1519130e+01 6.4733255e-22
1.1545240e+01 6.4437914e-22
1.1571409e+01 6.4143990e-22
1.1597637e+01 6.3851475e-22
1.1623925e+01 6.3560359e-22
1.1650272e+01 6.3270633e-22
1.1676679e+01 6.2982288e-22
1.1703146e+01 6.2695314e-22
1.1729673e+01 6.2409704e-22
1.1756260e+01 6.2125449e-22
1.1782907e+01 6.1842540e-22
1.1809615e+01 6.1560969e-22
1.1836383e+01 6.1280728e-22
1.1863212e+01 6.1001809e-22
1.1890102e+01 6.0724204e-22
1.1917052e+01 6.0447905e-22
1.1944064e+01 6.0172905e-22
1.1971137e+01 5.9899196e-22
1.1998271e+01 5.9626771e-22
1.2025467e+01 5.9355623e-22
1.2052725e+01 5.9085744e-22
1.2080044e+01 5.8817127e-22
1.2107425e+01 5.8549765e-22
1.2134868e+01 5.8283651e-22
1.2162374e+01 5.8018779e-22
1.2189941e+01 5.7755141e-22
1.2217572e+01 5.7492731e-22
1.2245264e+01 5.7231542e-22
1.2273020e+01 5.6971568e-22
1.2300839e+01 5.6712803e-22
1.2328720e+01 5.6455239e-22
1.2356665e+01 5.6198871e-22
1.2384673e+01 5.5943691e-22
1.2412745e+01 5.5689695e-22
1.2440880e+01 5.5436876e-22
1.2469079e+01 5.5185227e-22
1.2497342e+01 5.4934743e-22
1.2525669e+01 5.4685417e-22
1.2554060e+01 5.4437244e-22
1.2582516e+01 5.4190218e-22
1.2611036e+01 5.3944333e-22
1.2639621e+01 5.3699583e-22
1.2668270e+01 5.3455962e-22
1.2696985e+01 5.3213465e-22
1.2725764e+01 5.2972086e-22
1.2754609e+01 5.2731820e-22
1.2783519e+01 5.2492660e-22
1.2812495e+01 5.2254602e-22
1.2841536e+01 5.2017639e-22
1.2870644e+01 5.1781767e-22
1.2899817e+01 5.1546980e-22
1.2929056e+01 5.1313272e-22
1.2958362e+01 5.1080639e-22
1.2987734e+01 5.0849075e-22
1.3017172e+01 5.0618574e-22
1.3046677e+01 5.0389132e-22
1.3076250e+01 5.0160744e-22
1.3105889e+01 4.9933403e-22
1.3135595e+01 4.9707106e-22
1.3165369e+01 4.9481846e-22
1.3195210e+01 4.9257620e-22
1.3225119e+01 4.9034422e-22
1.3255096e+01 4.8812246e-22
1.3285140e+01 4.8591088e-22
1.3315253e+01 4.8370944e-22
1.3345434e+01 4.8151808e-22
1.3375683e+01 4.7933675e-22
1.3406001e+01 4.7716541e-22
1.3436388e+01 4.7500400e-22
1.3466843e+01 4.7285248e-22
1.3497368e+01 4.7071081e-22
1.3527961e+01 4.6857893e-22
1.3558624e+01 4.6645680e-22
1.3589357e+01 4.6434437e-22
1.3620159e+01 4.6224159e-22
1.3651031e+01 4.6014843e-22
1.3681973e+01 4.5806483e-22
1.3712985e+01 4.5599074e-22
1.3744068e+01 4.5392613e-22
1.3775221e+01 4.5187095e-22
1.3806444e+01 4.4982515e-22
1.3837739e+01 4.4778869e-22
1.3869104e+01 4.4576153e-22
1.3900540e+01 4.4374361e-22
1.3932048e+01 4.4173490e-22
1.3963627e+01 4.3973536e-22
1.3995277e+01 4.3774494e-22
1.4027000e+01 4.3576359e-22
1.4058794e+01 4.3379128e-22
1.4090660e+01 4.3182796e-22
1.4122599e+01 4.2987359e-22
1.4154610e+01 4.2792813e-22
1.4186693e+01 4.2599154e-22
1.4218849e+01 4.2406377e-22
1.4251078e+01 4.2214478e-22
1.4283380e+01 4.2023453e-22
1.4315756e+01 4.1833299e-22
1.4348204e+01 4.1644011e-22
1.4380727e+01 4.1455584e-22
1.4413323e+01 4.1268016e-22
1.4445993e+01 4.1081301e-22
1.4478736e+01 4.0895437e-22
1.4511555e+01 4.0710419e-22
1.4544447e+01 4.0526242e-22
1.4577414e+01 4.0342904e-22
1.4610456e+01 4.0160400e-22
1.4643573e+01 3.9978726e-22
1.4676764e+01 3.9797879e-22
1.4710031e+01 3.9617855e-22
1.4743374e+01 3.9438649e-22
1.4776792e+01 3.9260259e-22
1.4810286e+01 3.9082680e-22
1.4843855e+01 3.8905908e-22
1.4877501e+01 3.8729940e-22
1.4911223e+01 3.8554772e-22
1.4945021e+01 3.8380400e-22
1.4978896e+01 3.8206821e-22
1.5012848e+01 3.8034031e-22
1.5046877e+01 3.7862026e-22
1.5080983e+01 3.7690803e-22
1.5115166e+01 3.7520358e-22
1.5149427e+01 3.7350688e-22
1.5183765e+01 3.7181788e-22
1.5218181e+01 3.7013656e-22
1.5252676e+01 3.6846288e-22
1.5287248e+01 3.6679680e-22
1.5321899e+01 3.6513828e-22
1.5356628e+01 3.6348730e-22
1.5391436e+01 3.6184382e-22
1.5426323e+01 3.6020780e-22
1.5461289e+01 3.5857921e-22
1.5496334e+01 3.5695801e-22
1.5531459e+01 3.5534418e-22
1.5566663e+01 3.5373767e-22
1.5601947e+01 3.5213846e-22
1.5637311e+01 3.5054651e-22
1.5672755e+01 3.4896178e-22
1.5708280e+01 3.4738425e-22
1.5743885e+01 3.4581387e-22
1.5779571e+01 3.4425063e-22
1.5815337e+01 3.4269448e-22
1.5851185e+01 3.4114539e-22
1.5887114e+01 3.3960333e-22
1.5923125e+01 3.3806827e-22
1.5959217e+01 3.3654017e-22
1.5995390e+01 3.3501901e-22
1.6031646e+01 3.3350475e-22
1.6067984e+01 3.3199736e-22
1.6104405e+01 3.3049680e-22
1.6140908e+01 3.2900306e-22
1.6177493e+01 3.2751609e-22
1.6214162e+01 3.2603587e-22
1.6250914e+01 3.2456236e-22
1.6287749e+01 3.2309553e-22
1.6324667e+01 3.2163536e-22
1.6361670e+01 3.2018180e-22
1.6398756e+01 3.1873484e-22
1.6435926e+01 3.1729445e-22
1.6473180e+01 3.1586058e-22
1.6510519e+01 3.1443322e-22
1.6547942e+01 3.1301233e-22
1.6585451e+01 3.1159788e-22
1.6623044e+01 3.1018985e-22
1.6660723e+01 3.0878820e-22
1.6698486e+01 3.0739290e-22
1.6736336e+01 3.0600393e-22
1.6774271e+01 3.0462126e-22
1.6812293e+01 3.0324486e-22
1.6850400e+01 3.0187469e-22
1.6888594e+01 3.0051074e-22
1.6926874e+01 2.9915297e-22
1.6965242e+01 2.9780136e-22
1.7003696e+01 2.9645587e-22
1.7042237e+01 2.9511648e-22
1.7080866e+01 2.9378316e-22
1.7119582e+01 2.9245588e-22
1.7158386e+01 2.9113462e-22
1.7197278e+01 2.8981935e-22
1.7236258e+01 2.8851004e-22
1.7275326e+01 2.8720667e-22
1.7314483e+01 2.8590920e-22
1.7353729e+01 2.8461761e-22
1.7393064e+01 2.8333187e-22
1.7432488e+01 2.8205196e-22
1.7472001e+01 2.8077785e-22
1.7511604e+01 2.7950951e-22
1.7551296e+01 2.7824692e-22
1.7591079e+01 2.7699005e-22
1.7630952e+01 2.7573888e-22
1.7670915e+01 2.7449338e-22
1.7710968e+01 2.7325352e-22
1.7751113e+01 2.7201927e-22
1.7791348e+01 2.7079062e-22
1.7831675e+01 2.6956754e-22
1.7872093e+01 2.6835000e-22
1.7912603e+01 2.6713797e-22
1.7953204e+01 2.6593143e-22
1.7993898e+01 2.6473037e-22
1.8034683e+01 2.6353474e-22
1.8075562e+01 2.6234453e-22
1.8116532e+01 2.6115971e-22
1.8157596e+01 2.5998025e-22
1.8198753e+01 2.5880615e-22
1.8240003e+01 2.5763736e-22
1.8281347e+01 2.5647386e-22
1.8322784e+01 2.5531564e-22
1.8364315e+01 2.5416266e-22
1.8405941e+01 2.5301490e-22
1.8447660e+01 2.5187235e-22
1.8489475e+01 2.5073497e-22
1.8531384e+01 2.4960274e-22
1.8573388e+01 2.4847564e-22
1.8615487e+01 2.4735364e-22
1.8657682e+01 2.4623673e-22
1.8699972e+01 2.4512487e-22
1.8742358e+01 2.4401806e-22
1.8784840e+01 2.4291625e-22
1.8827419e+01 2.4181944e-22
1.8870094e+01 2.4072759e-22
1.8912866e+01 2.3964069e-22
1.8955734e+01 2.3855871e-22
1.8998700e+01 2.3748164e-22
1.9041764e+01 2.3640944e-22
1.9084925e+01 2.3534209e-22
1.9128183e+01 2.3427958e-22
1.9171540e+01 2.3322189e-22
1.9214995e+01 2.3216898e-22
1.9258549e+01 2.3112084e-22
1.9302201e+01 2.3007745e-22
1.9345952e+01 2.2903879e-22
1.9389802e+01 2.2800483e-22
1.9433752e+01 2.2697555e-22
1.9477802e+01 2.2595093e-22
1.9521951e+01 2.2493095e-22
1.9566200e+01 2.2391560e-22
1.9610550e+01 2.2290484e-22
1.9655000e+01 2.2189866e-22
1.9699551e+01 2.2089703e-22
1.9744203e+01 2.1989994e-22
1.9788956e+01 2.1890737e-22
1.9833810e+01 2.1791929e-22
1.9878766e+01 2.1693569e-22
1.9923825e+01 2.1595654e-22
1.9968985e+01 2.1498183e-22
2.0014247e+01 2.1401153e-22
2.0059612e+01 2.1304562e-22
2.0105080e+01 2.1208409e-22
2.0150652e+01 2.1112692e-22
2.0196326e+01 2.1017407e-22
2.0242104e+01 2.0922555e-22
2.0287985e+01 2.0828132e-22
2.0333971e+01 2.0734136e-22
2.0380061e+01 2.0640566e-22
2.0426255e+01 2.0547420e-22
2.0472554e+01 2.0454696e-22
2.0518958e+01 2.0362392e-22
2.0565467e+01 2.0270505e-22
2.0612082e+01 2.0179035e-22
2.0658802e+01 2.0087979e-22
2.0705628e+01 1.9997336e-22
2.0752561e+01 1.9907103e-22
2.0799599e+01 1.9817278e-22
2.0846745e+01 1.9727861e-22
2.0893997e+01 1.9638848e-22
2.0941356e+01 1.9550238e-22
2.0988823e+01 1.9462030e-22
2.1036397e+01 1.9374221e-22
2.1084079e+01 1.9286810e-22
2.1131869e+01 1.9199795e-22
2.1179767e+01 1.9113174e-22
2.1227774e+01 1.9026945e-22
2.1275890e+01 1.8941106e-22
2.1324115e+01 1.8855657e-22
2.1372449e+01 1.8770594e-22
2.1420893e+01 1.8685917e-22
2.1469446e+01 1.8601623e-22
2.1518110e+01 1.8517711e-22
2.1566884e+01 1.8434179e-22
2.1615768e+01 1.8351025e-22
2.1664764e+01 1.8268248e-22
2.1713870e+01 1.8185846e-22
2.1763087e+01 1.8103817e-22
2.1812417e+01 1.8022159e-22
2.1861858e+01 1.7940872e-22
2.1911411e+01 1.7859952e-22
2.1961076e+01 1.7779399e-22
2.2010854e+01 1.7699211e-22
2.2060745e+01 1.7619386e-22
2.2110749e+01 1.7539923e-22
2.2160866e+01 1.7460819e-22
2.2211097e+01 1.7382074e-22
2.2261441e+01 1.7303686e-22
2.2311900e+01 1.7225652e-22
2.2362473e+01 1.7147972e-22
2.2413161e+01 1.7070644e-22
2.2463963e+01 1.6993666e-22
2.2514881e+01 1.6917037e-22
2.2565914e+01 1.6840755e-22
2.2617063e+01 1.6764819e-22
2.2668328e+01 1.6689226e-22
2.2719709e+01 1.6613976e-22
2.2771207e+01 1.6539067e-22
2.2822821e+01 1.6464497e-22
2.2874552e+01 1.6390265e-22
2.2926401e+01 1.6316369e-22
2.2978367e+01 1.6242808e-22
2.3030450e+01 1.6169580e-22
2.3082652e+01 1.6096684e-22
2.3134972e+01 1.6024118e-22
2.3187411e+01 1.5951881e-22
2.3239969e+01 1.5879971e-22
2.3292645e+01 1.5808387e-22
2.3345442e+01 1.5737127e-22
2.3398357e+01 1.5666190e-22
2.3451393e+01 1.5595574e-22
2.3504549e+01 1.5525279e-22
2.3557825e+01 1.5455302e-22
2.3611223e+01 1.5385642e-22
2.3664741e+01 1.5316297e-22
2.3718380e+01 1.5247267e-22
2.3772142e+01 1.5178549e-22
2.3826025e+01 1.5110143e-22
2.3880030e+01 1.5042047e-22
2.3934157e+01 1.4974259e-22
2.3988407e+01 1.4906779e-22
2.4042781e+01 1.4839604e-22
2.4097277e+01 1.4772734e-22
2.4151897e+01 1.4706166e-22
2.4206641e+01 1.4639901e-22
2.4261508e+01 1.4573935e-22
2.4316501e+01 1.4508269e-22
2.4371617e+01 1.4442900e-22
2.4426859e+01 1.4377828e-22
2.4482226e+01 1.4313050e-22
2.4537719e+01 1.4248566e-22
2.4593337e+01 1.4184374e-22
2.4649081e+01 1.4120473e-22
2.4704952e+01 1.4056862e-22
2.4760949e+01 1.3993538e-22
2.4817074e+01 1.3930502e-22
2.4873325e+01 1.3867752e-22
2.4929704e+01 1.3805286e-22
2.4986211e+01 1.3743103e-22
2.5042846e+01 1.3681202e-22
2.5099609e+01 1.3619582e-22
2.5156501e+01 1.3558241e-22
2.5213522e+01 1.3497178e-22
2.5270672e+01 1.3436392e-22
2.5327951e+01 1.3375881e-22
2.5385361e+01 1.3315645e-22
2.5442900e+01 1.3255682e-22
2.5500570e+01 1.3195991e-22
2.5558371e+01 1.3136570e-22
2.5616303e+01 1.3077418e-22
2.5674366e+01 1.3018535e-22
2.5732560e+01 1.2959919e-22
2.5790887e+01 1.2901569e-22
2.5849346e+01 1.2843483e-22
2.5907937e+01 1.2785660e-22
2.5966661e+01 1.2728100e-22
2.6025518e+01 1.2670801e-22
2.6084509e+01 1.2613761e-22
2.6143633e+01 1.2556980e-22
2.6202891e+01 1.2500457e-22
2.6262284e+01 1.2444190e-22
2.6321811e+01 1.2388178e-22
2.6381473e+01 1.2332420e-22
2.6441271e+01 1.2276915e-22
2.6501204e+01 1.2221662e-22
2.6561272e+01 1.2166660e-22
2.6621477e+01 1.2111906e-22
2.6681819e+01 1.2057402e-22
2.6742297e+01 1.2003144e-22
2.6802912e+01 1.1949133e-22
2.6863665e+01 1.1895366e-22
2.6924555e+01 1.1841844e-22
2.6985584e+01 1.1788564e-22
2.7046750e+01 1.1735526e-22
2.7108056e+01 1.1682728e-22
2.7169500e+01 1.1630171e-22
2.7231084e+01 1.1577851e-22
2.7292807e+01 1.1525769e-22
2.7354670e+01 1.1473923e-22
2.7416673e+01 1.1422313e-22
2.7478817e+01 1.1370936e-22
2.7541102e+01 1.1319793e-22
2.7603527e+01 1.1268882e-22
2.7666095e+01 1.1218202e-22
2.7728804e+01 1.1167752e-22
2.7791655e+01 1.1117531e-22
2.7854649e+01 1.1067537e-22
2.7917786e+01 1.1017771e-22
2.7981065e+01 1.0968230e-22
2.8044488e+01 1.0918915e-22
2.8108055e+01 1.0869823e-22
2.8171766e+01 1.0820954e-22
2.8235622e+01 1.0772307e-22
2.8299622e+01 1.0723881e-22
2.8363767e+01 1.0675674e-22
2.8428057e+01 1.0627687e-22
2.8492494e+01 1.0579917e-22
2.8557076e+01 1.0532364e-22
2.8621805e+01 1.0485027e-22
2.8686680e+01 1.0437905e-22
2.8751703e+01 1.0390997e-22
2.8816873e+01 1.0344302e-22
2.8882190e+01 1.0297819e-22
2.8947656e+01 1.0251547e-22
2.9013270e+01 1.0205485e-22
2.9079033e+01 1.0159633e-22
2.9144944e+01 1.0113988e-22
2.9211006e+01 1.0068551e-22
2.9277216e+01 1.0023321e-22
2.9343577e+01 9.9782954e-23
2.9410089e+01 9.9334747e-23
2.9476751e+01 9.8888576e-23
2.9543564e+01 9.8444432e-23
2.9610529e+01 9.8002306e-23
2.9677646e+01 9.7562189e-23
2.9744914e+01 9.7124072e-23
2.9812335e+01 9.6687945e-23
2.9879909e+01 9.6253799e-23
2.9947636e+01 9.5821627e-23
3.0015517e+01 9.5391418e-23
3.0083552e+01 9.4963165e-23
3.0151740e+01 9.4536858e-23
3.0220084e+01 9.4112488e-23
3.0288582e+01 9.3690048e-23
3.0357235e+01 9.3269527e-23
3.0426044e+01 9.2850918e-23
3.0495009e+01 9.2434212e-23
3.0564130e+01 9.2019400e-23
3.0633408e+01 9.1606474e-23
3.0702844e+01 9.1195425e-23
3.0772436e+01 9.0786246e-23
3.0842186e+01 9.0378927e-23
3.0912094e+01 8.9973460e-23
3.0982161e+01 8.9569837e-23
3.1052387e+01 8.9168049e-23
3.1122771e+01 8.8768089e-23
3.1193315e+01 8.8369948e-23
3.1264020e+01 8.7973618e-23
3.1334884e+01 8.7579091e-23
3.1405909e+01 8.7186358e-23
3.1477095e+01 8.6795412e-23
3.1548442e+01 8.6406244e-23
3.1619951e+01 8.6018847e-23
3.1691623e+01 8.5633213e-23
3.1763456e+01 8.5249334e-23
3.1835453e+01 8.4867201e-23
3.1907612e+01 8.4486807e-23
3.1979936e+01 8.4108145e-23
3.2052423e+01 8.3731206e-23
3.2125074e+01 8.3355982e-23
3.2197890e+01 8.2982467e-23
3.2270871e+01 8.2610652e-23
3.2344018e+01 8.2240530e-23
3.2417330e+01 8.1872092e-23
3.2490809e+01 8.1505332e-23
3.2564454e+01 8.1140243e-23
3.2638266e+01 8.0776815e-23
3.2712245e+01 8.0415043e-23
3.2786392e+01 8.0054918e-23
3.2860707e+01 7.9696433e-23
3.2935191e+01 7.9339582e-23
3.3009843e+01 7.8984355e-23
3.3084665e+01 7.8630747e-23
3.3159656e+01 7.8278750e-23
3.3234817e+01 7.7928357e-23
3.3310148e+01 7.7579560e-23
3.3385651e+01 7.7232353e-23
3.3461324e+01 7.6886728e-23
3.3537169e+01 7.6542678e-23
3.3613186e+01 7.6200196e-23
3.3689375e+01 7.5859275e-23
3.3765737e+01 7.5519908e-23
3.3842272e+01 7.5182088e-23
3.3918980e+01 7.4845808e-23
3.3995862e+01 7.4511062e-23
3.4072919e+01 7.4177842e-23
3.4150150e+01 7.3846141e-23
3.4227556e+01 7.3515954e-23
3.4305138e+01 7.3187272e-23
3.4382895e+01 7.2860089e-23
3.4460829e+01 7.2534399e-23
3.4538940e+01 7.2210195e-23
3.4617227e+01 7.1887469e-23
3.4695692e+01 7.1566217e-23
3.4774335e+01 7.1246430e-23
3.4853156e+01 7.0928102e-23
3.4932155e+01 7.0611227e-23
3.5011334e+01 7.0295799e-23
3.5090692e+01 6.9981810e-23
3.5170230e+01 6.9669255e-23
3.5249949e+01 6.9358127e-23
3.5329848e+01 6.9048419e-23
3.5409928e+01 6.8740126e-23
3.5490190e+01 6.8433240e-23
3.5570633e+01 6.8127756e-23
3.5651259e+01 6.7823667e-23
3.5732068e+01 6.7520967e-23
3.5813060e+01 6.7219650e-23
3.5894235e+01 6.6919710e-23
3.5975595e+01 6.6621141e-23
3.6057139e+01 6.6323935e-23
3.6138867e+01 6.6028088e-23
3.6220781e+01 6.5733593e-23
3.6302881e+01 6.5440444e-23
3.6385167e+01 6.5148636e-23
3.6467639e+01 6.4858161e-23
3.6550298e+01 6.4569015e-23
3.6633144e+01 6.4281190e-23
3.6716179e+01 6.3994683e-23
3.6799401e+01 6.3709485e-23
3.6882812e+01 6.3425592e-23
3.6966413e+01 6.3142998e-23
3.7050202e+01 6.2861697e-23
3.7134182e+01 6.2581683e-23
3.7218352e+01 6.2302950e-23
3.7302713e+01 6.2025493e-23
3.7387265e+01 6.1749307e-23
3.7472008e+01 6.1474384e-23
3.7556944e+01 6.1200720e-23
3.7642072e+01 6.0928309e-23
3.7727393e+01 6.0657146e-23
3.7812908e+01 6.0387224e-23
3.7898616e+01 6.0118539e-23
3.7984519e+01 5.9851084e-23
3.8070616e+01 5.9584855e-23
3.8156909e+01 5.9319846e-23
3.8243397e+01 5.9056051e-23
3.8330081e+01 5.8793466e-23
3.8416962e+01 5.8532084e-23
3.8504039e+01 5.8271900e-23
3.8591314e+01 5.8012909e-23
3.8678787e+01 5.7755105e-23
3.8766458e+01 5.7498484e-23
3.8854328e+01 5.7243040e-23
3.8942397e+01 5.6988767e-23
3.9030665e+01 5.6735662e-23
3.9119134e+01 5.6483717e-23
3.9207803e+01 5.6232929e-23
3.9296673e+01 5.5983291e-23
3.9385745e+01 5.5734800e-23
3.9475018e+01 5.5487449e-23
3.9564494e+01 5.5241234e-23
3.9654172e+01 5.4996150e-23
3.9744054e+01 5.4752191e-23
3.9834140e+01 5.4509353e-23
3.9924430e+01 5.4267631e-23
4.0014924e+01 5.4027019e-23
4.0105624e+01 5.3787513e-23
4.0196529e+01 5.3549107e-23
4.0287640e+01 5.3311798e-23
4.0378958e+01 5.3075579e-23
4.0470483e+01 5.2840447e-23
4.0562215e+01 5.2606396e-23
4.0654155e+01 5.2373422e-23
4.0746303e+01 5.2141519e-23
4.0838661e+01 5.1910683e-23
4.0931227e+01 5.1680909e-23
4.1024004e+01 5.1452193e-23
4.1116991e+01 5.1224530e-23
4.1210188e+01 5.0997915e-23
4.1303597e+01 5.0772343e-23
4.1397218e+01 5.0547810e-23
4.1491050e+01 5.0324312e-23
4.1585096e+01 5.0101843e-23
4.1679354e+01 4.9880399e-23
4.1773827e+01 4.9659975e-23
4.1868513e+01 4.9440568e-23
4.1963414e+01 4.9222171e-23
4.2058530e+01 4.9004782e-23
4.2153862e+01 4.8788396e-23
4.2249410e+01 4.8573007e-23
4.2345174e+01 4.8358612e-23
4.2441155e+01 4.8145207e-23
4.2537354e+01 4.7932786e-23
4.2633771e+01 4.7721345e-23
4.2730407e+01 4.7510881e-23
4.2827262e+01 4.7301389e-23
4.2924336e+01 4.7092864e-23
4.3021630e+01 4.6885302e-23
4.3119145e+01 4.6678699e-23
4.3216880e+01 4.6473051e-23
4.3314838e+01 4.6268353e-23
4.3413017e+01 4.6064602e-23
4.3511419e+01 4.5861792e-23
4.3610044e+01 4.5659921e-23
4.3708892e+01 4.5458983e-23
4.3807965e+01 4.5258975e-23
4.3907262e+01 4.5059892e-23
4.4006784e+01 4.4861731e-23
4.4106531e+01 4.4664487e-23
4.4206505e+01 4.4468157e-23
4.4306706e+01 4.4272735e-23
4.4407133e+01 4.4078219e-23
4.4507788e+01 4.3884604e-23
4.4608672e+01 4.3691887e-23
4.4709784e+01 4.3500062e-23
4.4811125e+01 4.3309127e-23
4.4912696e+01 4.3119077e-23
4.5014497e+01 4.2929909e-23
4.5116528e+01 4.2741619e-23
4.5218792e+01 4.2554202e-23
4.5321286e+01 4.2367655e-23
4.5424014e+01 4.2181974e-23
4.5526974e+01 4.1997155e-23
4.5630167e+01 4.1813195e-23
4.5733594e+01 4.1630089e-23
4.5837256e+01 4.1447834e-23
4.5941153e+01 4.1266427e-23
4.6045285e+01 4.1085862e-23
4.6149653e+01 4.0906137e-23
4.6254258e+01 4.0727249e-23
4.6359100e+01 4.0549192e-23
4.6464180e+01 4.0371964e-23
4.6569498e+01 4.0195562e-23
4.6675054e+01 4.0019980e-23
4.6780850e+01 3.9845216e-23
4.6886885e+01 3.9671267e-23
4.6993161e+01 3.9498128e-23
4.7099678e+01 3.9325795e-23
4.7206436e+01 3.9154267e-23
4.7313436e+01 3.8983538e-23
4.7420679e+01 3.8813605e-23
4.7528165e+01 3.8644466e-23
4.7635894e+01 3.8476116e-23
4.7743868e+01 3.8308552e-23
4.7852086e+01 3.8141770e-23
4.7960550e+01 3.7975767e-23
4.8069259e+01 3.7810540e-23
4.8178215e+01 3.7646085e-23
4.8287418e+01 3.7482400e-23
4.8396868e+01 3.7319479e-23
4.8506567e+01 3.7157321e-23
4.8616514e+01 3.6995921e-23
4.8726710e+01 3.6835277e-23
4.8837156e+01 3.6675385e-23
4.8947853e+01 3.6516242e-23
4.9058800e+01 3.6357844e-23
4.9169999e+01 3.6200189e-23
4.9281450e+01 3.6043273e-23
4.9393153e+01 3.5887092e-23
4.9505110e+01 3.5731645e-23
4.9617320e+01 3.5576926e-23
4.9729785e+01 3.5422934e-23
4.9842505e+01 3.5269665e-23
4.9955480e+01 3.5117115e-23
5.0068711e+01 3.4965283e-23
5.0182199e+01 3.4814164e-23
5.0295944e+01 3.4663755e-23
5.0409947e+01 3.4514054e-23
5.0524209e+01 3.4365057e-23
5.0638729e+01 3.4216762e-23
5.0753509e+01 3.4069164e-23
5.0868549e+01 3.3922262e-23
5.0983850e+01 3.3776051e-23
5.1099412e+01 3.3630530e-23
5.1215237e+01 3.3485695e-23
5.1331323e+01 3.3341543e-23
5.1447673e+01 3.3198071e-23
5.1564287e+01 3.3055276e-23
5.1681164e+01 3.2913155e-23
5.1798307e+01 3.2771705e-23
5.1915716e+01 3.2630924e-23
5.2033390e+01 3.2490808e-23
5.2151331e+01 3.2351355e-23
5.2269540e+01 3.2212562e-23
5.2388016e+01 3.2074425e-23
5.2506761e+01 3.1936942e-23
5.2625775e+01 3.1800110e-23
5.2745059e+01 3.1663926e-23
5.2864613e+01 3.1528388e-23
5.2984439e+01 3.1393493e-23
5.3104535e+01 3.1259237e-23
5.3224904e+01 3.1125619e-23
5.3345546e+01 3.0992634e-23
5.3466462e+01 3.0860282e-23
5.3587651e+01 3.0728558e-23
5.3709115e+01 3.0597460e-23
5.3830855e+01 3.0466986e-23
5.3952870e+01 3.0337132e-23
5.4075162e+01 3.0207896e-23
5.4197731e+01 3.0079276e-23
5.4320578e+01 2.9951268e-23
5.4443703e+01 2.9823871e-23
5.4567108e+01 2.9697080e-23
5.4690792e+01 2.9570895e-23
5.4814757e+01 2.9445311e-23
5.4939002e+01 2.9320327e-23
5.5063529e+01 2.9195940e-23
5.5188339e+01 2.9072148e-23
5.5313431e+01 2.8948947e-23
5.5438807e+01 2.8826336e-23
5.5564467e+01 2.8704311e-23
5.5690412e+01 2.8582870e-23
5.5816642e+01 2.8462011e-23
5.5943158e+01 2.8341732e-23
5.6069962e+01 2.8222029e-23
5.6197052e+01 2.8102900e-23
5.6324431e+01 2.7984342e-23
5.6452098e+01 2.7866355e-23
5.6580055e+01 2.7748933e-23
5.6708302e+01 2.7632077e-23
5.6836840e+01 2.7515782e-23
5.6965668e+01 2.7400046e-23
5.7094789e+01 2.7284868e-23
5.7224203e+01 2.7170245e-23
5.7353910e+01 2.7056174e-23
5.7483911e+01 2.6942652e-23
5.7614206e+01 2.6829679e-23
5.7744797e+01 2.6717251e-23
5.7875684e+01 2.6605365e-23
5.8006867e+01 2.6494020e-23
5.8138348e+01 2.6383214e-23
5.8270127e+01 2.6272943e-23
5.8402205e+01 2.6163207e-23
5.8534582e+01 2.6054001e-23
5.8667259e+01 2.5945325e-23
5.8800237e+01 2.5837175e-23
5.8933516e+01 2.5729550e-23
5.9067097e+01 2.5622448e-23
5.9200981e+01 2.5515866e-23
5.9335169e+01 2.5409801e-23
5.9469660e+01 2.5304252e-23
5.9604457e+01 2.5199217e-23
5.9739559e+01 2.5094693e-23
5.9874967e+01 2.4990678e-23
6.0010683e+01 2.4887171e-23
6.0146705e+01 2.4784167e-23
6.0283037e+01 2.4681667e-23
6.0419677e+01 2.4579667e-23
6.0556627e+01 2.4478166e-23
6.0693887e+01 2.4377160e-23
6.0831458e+01 2.4276649e-23
6.0969342e+01 2.4176630e-23
6.1107537e+01 2.4077101e-23
6.1246046e+01 2.3978059e-23
6.1384869e+01 2.3879504e-23
6.1524007e+01 2.3781432e-23
6.1663460e+01 2.3683841e-23
6.1803229e+01 2.3586731e-23
6.1943315e+01 2.3490098e-23
6.2083718e+01 2.3393940e-23
6.2224440e+01 2.3298256e-23
6.2365481e+01 2.3203044e-23
6.2506841e+01 2.3108301e-23
6.2648522e+01 2.3014026e-23
6.2790524e+01 2.2920216e-23
6.2932847e+01 2.2826870e-23
6.3075494e+01 2.2733985e-23
6.3218463e+01 2.2641560e-23
6.3361757e+01 2.2549593e-23
6.3505376e+01 2.2458082e-23
6.3649320e+01 2.2367024e-23
6.3793590e+01 2.2276419e-23
6.3938187e+01 2.2186263e-23
6.4083113e+01 2.2096556e-23
6.4228366e+01 2.2007294e-23
6.4373949e+01 2.1918478e-23
6.4519862e+01 2.1830103e-23
6.4666105e+01 2.1742170e-23
6.4812680e+01 2.1654675e-23
6.4959588e+01 2.1567617e-23
6.5106828e+01 2.1480994e-23
6.5254402e+01 2.1394804e-23
6.5402310e+01 2.1309046e-23
6.5550554e+01 2.1223717e-23
6.5699134e+01 2.1138816e-23
6.5848050e+01 2.1054341e-23
6.5997304e+01 2.0970290e-23
6.6146897e+01 2.0886662e-23
6.6296828e+01 2.0803454e-23
6.6447099e+01 2.0720666e-23
6.6597711e+01 2.0638294e-23
6.6748665e+01 2.0556338e-23
6.6899960e+01 2.0474795e-23
6.7051599e+01 2.0393664e-23
6.7203581e+01 2.0312943e-23
6.7355907e+01 2.0232631e-23
6.7508579e+01 2.0152726e-23
6.7661597e+01 2.0073225e-23
6.7814962e+01 1.9994128e-23
6.7968674e+01 1.9915432e-23
6.8122735e+01 1.9837137e-23
6.8277145e+01 1.9759239e-23
6.8431905e+01 1.9681739e-23
6.8587015e+01 1.9604633e-23
6.8742478e+01 1.9527920e-23
6.8898292e+01 1.9451599e-23
6.9054460e+01 1.9375669e-23
6.9210982e+01 1.9300126e-23
6.9367859e+01 1.9224970e-23
6.9525091e+01 1.9150200e-23
6.9682680e+01 1.9075813e-23
6.9840626e+01 1.9001807e-23
6.9998929e+01 1.8928183e-23
7.0157592e+01 1.8854937e-23
7.0316614e+01 1.8782068e-23
7.0475997e+01 1.8709574e-23
7.0635741e+01 1.8637455e-23
7.0795847e+01 1.8565708e-23
7.0956316e+01 1.8494332e-23
7.1117149e+01 1.8423326e-23
7.1278346e+01 1.8352687e-23
7.1439908e+01 1.8282414e-23
7.1601837e+01 1.8212507e-23
7.1764133e+01 1.8142962e-23
7.1926797e+01 1.8073779e-23
7.2089829e+01 1.8004957e-23
7.2253231e+01 1.7936493e-23
7.2417004e+01 1.7868386e-23
7.2581147e+01 1.7800636e-23
7.2745663e+01 1.7733239e-23
7.2910551e+01 1.7666195e-23
7.3075813e+01 1.7599503e-23
7.3241450e+01 1.7533160e-23
7.3407463e+01 1.7467166e-23
7.3573851e+01 1.7401518e-23
7.3740617e+01 1.7336217e-23
7.3907761e+01 1.7271259e-23
7.4075283e+01 1.7206644e-23
7.4243185e+01 1.7142370e-23
7.4411468e+01 1.7078436e-23
7.4580133e+01 1.7014840e-23
7.4749179e+01 1.6951581e-23
7.4918609e+01 1.6888658e-23
7.5088423e+01 1.6826069e-23
7.5258621e+01 1.6763813e-23
7.5429206e+01 1.6701888e-23
7.5600177e+01 1.6640293e-23
7.5771536e+01 1.6579027e-23
7.5943283e+01 1.6518088e-23
7.6115419e+01 1.6457476e-23
7.6287946e+01 1.6397187e-23
7.6460863e+01 1.6337222e-23
7.6634173e+01 1.6277579e-23
7.6807875e+01 1.6218256e-23
7.6981971e+01 1.6159253e-23
7.7156462e+01 1.6100567e-23
7.7331348e+01 1.6042198e-23
7.7506631e+01 1.5984145e-23
7.7682311e+01 1.5926405e-23
7.7858389e+01 1.5868978e-23
7.8034866e+01 1.5811862e-23
7.8211743e+01 1.5755056e-23
7.8389021e+01 1.5698559e-23
7.8566701e+01 1.5642369e-23
7.8744784e+01 1.5586486e-23
7.8923271e+01 1.5530907e-23
7.9102161e+01 1.5475632e-23
7.9281458e+01 1.5420660e-23
7.9461161e+01 1.5365988e-23
7.9641271e+01 1.5311617e-23
7.9821789e+01 1.5257544e-23
8.0002717e+01 1.5203768e-23
8.0184054e+01 1.5150289e-23
8.0365803e+01 1.5097104e-23
8.0547964e+01 1.5044214e-23
8.0730537e+01 1.4991615e-23
8.0913525e+01 1.4939308e-23
8.1096927e+01 1.4887291e-23
8.1280745e+01 1.4835562e-23
8.1464979e+01 1.4784122e-23
8.1649631e+01 1.4732967e-23
8.1834702e+01 1.4682098e-23
8.2020192e+01 1.4631513e-23
8.2206103e+01 1.4581211e-23
8.2392434e+01 1.4531190e-23
8.2579189e+01 1.4481450e-23
8.2766366e+01 1.4431989e-23
8.2953968e+01 1.4382806e-23
8.3141995e+01 1.4333900e-23
8.3330449e+01 1.4285270e-23
8.3519329e+01 1.4236914e-23
8.3708638e+01 1.4188832e-23
8.3898375e+01 1.4141023e-23
8.4088543e+01 1.4093484e-23
8.4279142e+01 1.4046216e-23
8.4470173e+01 1.3999216e-23
8.4661636e+01 1.3952485e-23
8.4853534e+01 1.3906020e-23
8.5045867e+01 1.3859820e-23
8.5238636e+01 1.3813885e-23
8.5431841e+01 1.3768213e-23
8.5625485e+01 1.3722804e-23
8.5819567e+01 1.3677655e-23
8.6014090e+01 1.3632767e-23
8.6209053e+01 1.3588138e-23
8.6404458e+01 1.3543766e-23
8.6600306e+01 1.3499651e-23
8.6796598e+01 1.3455791e-23
8.6993335e+01 1.3412187e-23
8.7190518e+01 1.3368835e-23
8.7388148e+01 1.3325736e-23
8.7586226e+01 1.3282889e-23
8.7784753e+01 1.3240291e-23
8.7983729e+01 1.3197943e-23
8.8183157e+01 1.3155843e-23
8.8383037e+01 1.3113990e-23
8.8583370e+01 1.3072383e-23
8.8784157e+01 1.3031022e-23
8.8985399e+01 1.2989904e-23
8.9187097e+01 1.2949029e-23
8.9389252e+01 1.2908395e-23
8.9591866e+01 1.2868003e-23
8.9794939e+01 1.2827850e-23
8.9998472e+01 1.2787937e-23
9.0202466e+01 1.2748261e-23
9.0406923e+01 1.2708821e-23
9.0611843e+01 1.2669618e-23
9.0817228e+01 1.2630649e-23
9.1023079e+01 1.2591914e-23
9.1229395e+01 1.2553411e-23
9.1436180e+01 1.2515140e-23
9.1643433e+01 1.2477100e-23
9.1851156e+01 1.2439290e-23
9.2059350e+01 1.2401708e-23
9.2268016e+01 1.2364354e-23
9.2477155e+01 1.2327227e-23
9.2686767e+01 1.2290325e-23
9.2896855e+01 1.2253648e-23
9.3107419e+01 1.2217195e-23
9.3318461e+01 1.2180965e-23
9.3529980e+01 1.2144957e-23
9.3741979e+01 1.2109169e-23
9.3954459e+01 1.2073602e-23
9.4167420e+01 1.2038253e-23
9.4380864e+01 1.2003123e-23
9.4594792e+01 1.1968209e-23
9.4809205e+01 1.1933511e-23
9.5024104e+01 1.1899029e-23
9.5239489e+01 1.1864761e-23
9.5455363e+01 1.1830706e-23
9.5671727e+01 1.1796864e-23
9.5888580e+01 1.1763232e-23
9.6105926e+01 1.1729812e-23
9.6323764e+01 1.1696600e-23
9.6542095e+01 1.1663598e-23
9.6760922e+01 1.1630803e-23
9.6980244e+01 1.1598214e-23
9.7200064e+01 1.1565832e-23
9.7420382e+01 1.1533654e-23
9.7641199e+01 1.1501681e-23
9.7862517e+01 1.1469910e-23
9.8084336e+01 1.1438342e-23
9.8306659e+01 1.1406975e-23
9.8529485e+01 1.1375808e-23
9.8752816e+01 1.1344841e-23
9.8976653e+01 1.1314073e-23
9.9200998e+01 1.1283502e-23
9.9425852e+01 1.1253128e-23
9.9651215e+01 1.1222949e-23
9.9877088e+01 1.1192966e-23
1.0010347e+02 1.1163177e-23
1.0033037e+02 1.1133581e-23
1.0055779e+02 1.1104178e-23
1.0078571e+02 1.1074966e-23
1.0101416e+02 1.1045945e-23
1.0124312e+02 1.1017113e-23
1.0147261e+02 1.0988470e-23
1.0170261e+02 1.0960016e-23
1.0193313e+02 1.0931748e-23
1.0216418e+02 1.0903667e-23
1.0239575e+02 1.0875771e-23
1.0262784e+02 1.0848060e-23
1.0286046e+02 1.0820533e-23
1.0309361e+02 1.0793188e-23
1.0332729e+02 1.0766026e-23
1.0356149e+02 1.0739045e-23
1.0379623e+02 1.0712244e-23
1.0403150e+02 1.0685623e-23
1.0426730e+02 1.0659180e-23
1.0450364e+02 1.0632915e-23
1.0474051e+02 1.0606828e-23
1.0497792e+02 1.0580916e-23
1.0521587e+02 1.0555180e-23
1.0545435e+02 1.0529618e-23
1.0569338e+02 1.0504231e-23
1.0593295e+02 1.0479016e-23
1.0617306e+02 1.0453973e-23
1.0641372e+02 1.0429101e-23
1.0665492e+02 1.0404400e-23
1.0689667e+02 1.0379869e-23
1.0713897e+02 1.0355506e-23
1.0738181e+02 1.0331312e-23
1.0762521e+02 1.0307285e-23
1.0786916e+02 1.0283424e-23
1.0811366e+02 1.0259729e-23
1.0835871e+02 1.0236199e-23
1.0860432e+02 1.0212833e-23
1.0885049e+02 1.0189630e-23
1.0909722e+02 1.0166589e-23
1.0934450e+02 1.0143711e-23
1.0959235e+02 1.0120993e-23
1.0984075e+02 1.0098435e-23
1.1008972e+02 1.0076037e-23
1.1033926e+02 1.0053798e-23
1.1058936e+02 1.0031716e-23
1.1084002e+02 1.0009791e-23
1.1109126e+02 9.9880230e-24
1.1134306e+02 9.9664102e-24
1.1159544e+02 9.9449521e-24
1.1184839e+02 9.9236481e-24
1.1210191e+02 9.9024973e-24
1.1235600e+02 9.8814990e-24
1.1261067e+02 9.8606525e-24
1.1286592e+02 9.8399569e-24
1.1312175e+02 9.8194116e-24
1.1337815e+02 9.7990158e-24
1.1363514e+02 9.7787687e-24
1.1389271e+02 9.7586697e-24
1.1415087e+02 9.7387179e-24
1.1440961e+02 9.7189127e-24
1.1466893e+02 9.6992533e-24
1.1492885e+02 9.6797389e-24
1.1518935e+02 9.6603689e-24
1.1545044e+02 9.6411426e-24
1.1571213e+02 9.6220591e-24
1.1597440e+02 9.6031178e-24
1.1623728e+02 9.5843179e-24
1.1650075e+02 9.5656588e-24
1.1676481e+02 9.5471398e-24
1.1702948e+02 9.5287600e-24
1.1729474e+02 9.5105188e-24
1.1756060e+02 9.4924155e-24
1.1782707e+02 9.4744494e-24
1.1809414e+02 9.4566198e-24
1.1836182e+02 9.4389260e-24
1.1863011e+02 9.4213673e-24
1.1889900e+02 9.4039429e-24
1.1916850e+02 9.3866523e-24
1.1943861e+02 9.3694947e-24
1.1970934e+02 9.3524694e-24
1.1998068e+02 9.3355757e-24
1.2025263e+02 9.3188130e-24
1.2052520e+02 9.3021805e-24
1.2079839e+02 9.2856776e-24
1.2107219e+02 9.2693037e-24
1.2134662e+02 9.2530580e-24
1.2162167e+02 9.2369399e-24
1.2189734e+02 9.2209486e-24
1.2217364e+02 9.2050836e-24
1.2245057e+02 9.1893442e-24
1.2272812e+02 9.1737297e-24
1.2300630e+02 9.1582394e-24
1.2328511e+02 9.1428727e-24
1.2356455e+02 9.1276290e-24
1.2384463e+02 9.1125076e-24
1.2412534e+02 9.0975077e-24
1.2440669e+02 9.0826289e-24
1.2468868e+02 9.0678705e-24
1.2497130e+02 9.0532317e-24
1.2525457e+02 9.0387120e-24
1.2553847e+02 9.0243107e-24
1.2582302e+02 9.0100273e-24
1.2610822e+02 8.9958609e-24
1.2639406e+02 8.9818112e-24
1.2668055e+02 8.9678773e-24
1.2696769e+02 8.9540587e-24
1.2725548e+02 8.9403548e-24
1.2754393e+02 8.9267649e-24
1.2783302e+02 8.9132884e-24
1.2812277e+02 8.8999247e-24
1.2841318e+02 8.8866733e-24
1.2870425e+02 8.8735334e-24
1.2899598e+02 8.8605045e-24
1.2928836e+02 8.8475859e-24
1.2958142e+02 8.8347772e-24
1.2987513e+02 8.8220776e-24
1.3016951e+02 8.8094866e-24
1.3046456e+02 8.7970035e-24
1.3076028e+02 8.7846279e-24
1.3105666e+02 8.7723590e-24
1.3135372e+02 8.7601964e-24
1.3165145e+02 8.7481394e-24
1.3194986e+02 8.7361874e-24
1.3224894e+02 8.7243399e-24
1.3254870e+02 8.7125963e-24
1.3284915e+02 8.7009560e-24
1.3315027e+02 8.6894185e-24
1.3345207e+02 8.6779831e-24
1.3375456e+02 8.6666493e-24
1.3405773e+02 8.6554166e-24
1.3436159e+02 8.6442844e-24
1.3466614e+02 8.6332521e-24
1.3497138e+02 8.6223191e-24
1.3527732e+02 8.6114850e-24
1.3558394e+02 8.6007491e-24
1.3589126e+02 8.5901109e-24
1.3619928e+02 8.5795699e-24
1.3650800e+02 8.5691255e-24
1.3681741e+02 8.5587772e-24
1.3712753e+02 8.5485245e-24
1.3743835e+02 8.5383667e-24
1.3774987e+02 8.5283034e-24
1.3806210e+02 8.5183341e-24
1.3837504e+02 8.5084582e-24
1.3868868e+02 8.4986751e-24
1.3900304e+02 8.4889845e-24
1.3931811e+02 8.4793857e-24
1.3963390e+02 8.4698782e-24
1.3995040e+02 8.4604615e-24
1.4026761e+02 8.4511351e-24
1.4058555e+02 8.4418985e-24
1.4090421e+02 8.4327512e-24
1.4122359e+02 8.4236927e-24
1.4154369e+02 8.4147224e-24
1.4186452e+02 8.4058399e-24
1.4218608e+02 8.3970447e-24
1.4250836e+02 8.3883363e-24
1.4283138e+02 8.3797142e-24
1.4315513e+02 8.3711779e-24
1.4347961e+02 8.3627269e-24
1.4380482e+02 8.3543607e-24
1.4413078e+02 8.3460789e-24
1.4445747e+02 8.3378809e-24
1.4478491e+02 8.3297663e-24
1.4511308e+02 8.3217347e-24
1.4544200e+02 8.3137855e-24
1.4577167e+02 8.3059183e-24
1.4610208e+02 8.2981326e-24
1.4643324e+02 8.2904279e-24
1.4676515e+02 8.2828039e-24
1.4709782e+02 8.2752599e-24
1.4743123e+02 8.2677957e-24
1.4776541e+02 8.2604106e-24
1.4810034e+02 8.2531044e-24
1.4843603e+02 8.2458764e-24
1.4877248e+02 8.2387264e-24
1.4910970e+02 8.2316537e-24
1.4944768e+02 8.2246581e-24
1.4978642e+02 8.2177390e-24
1.5012593e+02 8.2108961e-24
1.5046621e+02 8.2041288e-24
1.5080727e+02 8.1974368e-24
1.5114909e+02 8.1908196e-24
1.5149170e+02 8.1842768e-24
1.5183507e+02 8.1778080e-24
1.5217923e+02 8.1714128e-24
1.5252417e+02 8.1650907e-24
1.5286988e+02 8.1588414e-24
1.5321638e+02 8.1526643e-24
1.5356367e+02 8.1465592e-24
1.5391175e+02 8.1405256e-24
1.5426061e+02 8.1345631e-24
1.5461026e+02 8.1286712e-24
1.5496071e+02 8.1228497e-24
1.5531195e+02 8.1170981e-24
1.5566399e+02 8.1114159e-24
1.5601682e+02 8.1058029e-24
1.5637046e+02 8.1002586e-24
1.5672489e+02 8.0947826e-24
1.5708013e+02 8.0893746e-24
1.5743618e+02 8.0840342e-24
1.5779303e+02 8.0787609e-24
1.5815069e+02 8.0735544e-24
1.5850916e+02 8.0684144e-24
1.5886844e+02 8.0633405e-24
1.5922854e+02 8.0583322e-24
1.5958946e+02 8.0533893e-24
1.5995119e+02 8.0485113e-24
1.6031374e+02 8.0436979e-24
1.6067712e+02 8.0389488e-24
1.6104131e+02 8.0342636e-24
1.6140634e+02 8.0296419e-24
1.6177219e+02 8.0250833e-24
1.6213887e+02 8.0205876e-24
1.6250638e+02 8.0161543e-24
1.6287472e+02 8.0117832e-24
1.6324390e+02 8.0074739e-24
1.6361392e+02 8.0032260e-24
1.6398477e+02 7.9990393e-24
1.6435647e+02 7.9949133e-24
1.6472900e+02 7.9908477e-24
1.6510239e+02 7.9868423e-24
1.6547661e+02 7.9828966e-24
1.6585169e+02 7.9790104e-24
1.6622762e+02 7.9751834e-24
1.6660440e+02 7.9714151e-24
1.6698203e+02 7.9677053e-24
1.6736052e+02 7.9640537e-24
1.6773986e+02 7.9604600e-24
1.6812007e+02 7.9569238e-24
1.6850114e+02 7.9534448e-24
1.6888307e+02 7.9500228e-24
1.6926587e+02 7.9466574e-24
1.6964953e+02 7.9433484e-24
1.7003407e+02 7.9400953e-24
1.7041948e+02 7.9368980e-24
1.7080576e+02 7.9337561e-24
1.7119291e+02 7.9306693e-24
1.7158095e+02 7.9276374e-24
1.7196986e+02 7.9246600e-24
1.7235965e+02 7.9217369e-24
1.7275033e+02 7.9188678e-24
1.7314189e+02 7.9160523e-24
1.7353435e+02 7.9132903e-24
1.7392769e+02 7.9105815e-24
1.7432192e+02 7.9079255e-24
1.7471704e+02 7.9053220e-24
1.7511306e+02 7.9027709e-24
1.7550998e+02 7.9002719e-24
1.7590780e+02 7.8978246e-24
1.7630652e+02 7.8954289e-24
1.7670615e+02 7.8930844e-24
1.7710668e+02 7.8907909e-24
1.7750811e+02 7.8885482e-24
1.7791046e+02 7.8863559e-24
1.7831372e+02 7.8842139e-24
1.7871790e+02 7.8821218e-24
1.7912299e+02 7.8800794e-24
1.7952899e+02 7.8780866e-24
1.7993592e+02 7.8761429e-24
1.8034377e+02 7.8742483e-24
1.8075255e+02 7.8724024e-24
1.8116225e+02 7.8706050e-24
1.8157288e+02 7.8688558e-24
1.8198444e+02 7.8671547e-24
1.8239693e+02 7.8655015e-24
1.8281036e+02 7.8638957e-24
1.8322473e+02 7.8623374e-24
1.8364003e+02 7.8608261e-24
1.8405628e+02 7.8593617e-24
1.8447347e+02 7.8579440e-24
1.8489161e+02 7.8565727e-24
1.8531069e+02 7.8552477e-24
1.8573072e+02 7.8539686e-24
1.8615171e+02 7.8527354e-24
1.8657365e+02 7.8515477e-24
1.8699654e+02 7.8504054e-24
1.8742040e+02 7.8493083e-24
1.8784521e+02 7.8482561e-24
1.8827099e+02 7.8472487e-24
1.8869774e+02 7.8462858e-24
1.8912545e+02 7.8453672e-24
1.8955413e+02 7.8444928e-24
1.8998378e+02 7.8436624e-24
1.9041440e+02 7.8428756e-24
1.9084600e+02 7.8421325e-24
1.9127858e+02 7.8414327e-24
1.9171214e+02 7.8407760e-24
1.9214669e+02 7.8401624e-24
1.9258222e+02 7.8395916e-24
1.9301873e+02 7.8390633e-24
1.9345624e+02 7.8385775e-24
1.9389473e+02 7.8381340e-24
1.9433422e+02 7.8377325e-24
1.9477471e+02 7.8373729e-24
1.9521619e+02 7.8370550e-24
1.9565868e+02 7.8367786e-24
1.9610217e+02 7.8365437e-24
1.9654666e+02 7.8363499e-24
1.9699216e+02 7.8361972e-24
1.9743867e+02 7.8360853e-24
1.9788620e+02 7.8360141e-24
1.9833473e+02 7.8359835e-24
1.9878429e+02 7.8359932e-24
1.9923486e+02 7.8360431e-24
1.9968646e+02 7.8361332e-24
2.0013907e+02 7.8362631e-24
2.0059272e+02 7.8364327e-24
2.0104739e+02 7.8366419e-24
2.0150309e+02 7.8368906e-24
2.0195983e+02 7.8371786e-24
2.0241760e+02 7.8375057e-24
2.0287641e+02 7.8378718e-24
2.0333626e+02 7.8382767e-24
2.0379715e+02 7.8387204e-24
2.0425908e+02 7.8392026e-24
2.0472207e+02 7.8397232e-24
2.0518610e+02 7.8402822e-24
2.0565118e+02 7.8408792e-24
2.0611732e+02 7.8415143e-24
2.0658451e+02 7.8421873e-24
2.0705277e+02 7.8428980e-24
2.0752208e+02 7.8436464e-24
2.0799246e+02 7.8444322e-24
2.0846391e+02 7.8452554e-24
2.0893642e+02 7.8461158e-24
2.0941000e+02 7.8470133e-24
2.0988466e+02 7.8479478e-24
2.1036040e+02 7.8489192e-24
2.1083721e+02 7.8499273e-24
2.1131510e+02 7.8509721e-24
2.1179408e+02 7.8520534e-24
2.1227414e+02 7.8531710e-24
2.1275529e+02 7.8543249e-24
2.1323753e+02 7.8555150e-24
2.1372086e+02 7.8567412e-24
2.1420529e+02 7.8580033e-24
2.1469082e+02 7.8593013e-24
2.1517745e+02 7.8606349e-24
2.1566518e+02 7.8620042e-24
2.1615401e+02 7.8634090e-24
2.1664396e+02 7.8648493e-24
2.1713501e+02 7.8663248e-24
2.1762718e+02 7.8678356e-24
2.1812046e+02 7.8693815e-24
2.1861486e+02 7.8709624e-24
2.1911039e+02 7.8725782e-24
2.1960703e+02 7.8742289e-24
2.2010480e+02 7.8759143e-24
2.2060370e+02 7.8776344e-24
2.2110373e+02 7.8793890e-24
2.2160489e+02 7.8811781e-24
2.2210719e+02 7.8830015e-24
2.2261063e+02 7.8848593e-24
2.2311521e+02 7.8867512e-24
2.2362093e+02 7.8886773e-24
2.2412780e+02 7.8906374e-24
2.2463582e+02 7.8926315e-24
2.2514499e+02 7.8946594e-24
2.2565531e+02 7.8967212e-24
2.2616679e+02 7.8988166e-24
2.2667943e+02 7.9009458e-24
2.2719323e+02 7.9031084e-24
2.2770820e+02 7.9053046e-24
2.2822433e+02 7.9075342e-24
2.2874164e+02 7.9097972e-24
2.2926011e+02 7.9120934e-24
2.2977976e+02 7.9144229e-24
2.3030059e+02 7.9167855e-24
2.3082260e+02 7.9191811e-24
2.3134580e+02 7.9216098e-24
2.3187017e+02 7.9240715e-24
2.3239574e+02 7.9265660e-24
2.3292250e+02 7.9290933e-24
2.3345045e+02 7.9316534e-24
2.3397960e+02 7.9342462e-24
2.3450995e+02 7.9368716e-24
2.3504150e+02 7.9395297e-24
2.3557425e+02 7.9422202e-24
2.3610822e+02 7.9449433e-24
2.3664339e+02 7.9476987e-24
2.3717978e+02 7.9504865e-24
2.3771738e+02 7.9533066e-24
2.3825620e+02 7.9561590e-24
2.3879624e+02 7.9590436e-24
2.3933751e+02 7.9619604e-24
2.3988000e+02 7.9649093e-24
2.4042372e+02 7.9678902e-24
2.4096868e+02 7.9709032e-24
2.4151487e+02 7.9739481e-24
2.4206230e+02 7.9770250e-24
2.4261097e+02 7.9801338e-24
2.4316088e+02 7.9832744e-24
2.4371204e+02 7.9864468e-24
2.4426445e+02 7.9896510e-24
2.4481811e+02 7.9928870e-24
2.4537302e+02 7.9961546e-24
2.4592919e+02 7.9994539e-24
2.4648663e+02 8.0027848e-24
2.4704533e+02 8.0061473e-24
2.4760529e+02 8.0095414e-24
2.4816652e+02 8.0129670e-24
2.4872903e+02 8.0164240e-24
2.4929281e+02 8.0199126e-24
2.4985787e+02 8.0234325e-24
2.5042420e+02 8.0269839e-24
2.5099183e+02 8.0305666e-24
2.5156074e+02 8.0341807e-24
2.5213093e+02 8.0378261e-24
2.5270243e+02 8.0415028e-24
2.5327521e+02 8.0452107e-24
2.5384930e+02 8.0489499e-24
2.5442468e+02 8.0527204e-24
2.5500137e+02 8.0565220e-24
2.5557937e+02 8.0603548e-24
2.5615868e+02 8.0642188e-24
2.5673930e+02 8.0681139e-24
2.5732123e+02 8.0720402e-24
2.5790449e+02 8.0759975e-24
2.5848907e+02 8.0799860e-24
2.5907497e+02 8.0840055e-24
2.5966220e+02 8.0880561e-24
2.6025076e+02 8.0921377e-24
2.6084066e+02 8.0962504e-24
2.6143189e+02 8.1003941e-24
2.6202446e+02 8.1045688e-24
2.6261838e+02 8.1087745e-24
2.6321364e+02 8.1130112e-24
2.6381025e+02 8.1172789e-24
2.6440822e+02 8.1215775e-24
2.6500754e+02 8.1259072e-24
2.6560821e+02 8.1302678e-24
2.6621025e+02 8.1346593e-24
2.6681366e+02 8.1390818e-24
2.6741843e+02 8.1435352e-24
2.6802457e+02 8.1480196e-24
2.6863209e+02 8.1525350e-24
2.6924098e+02 8.1570812e-24
2.6985125e+02 8.1616585e-24
2.7046291e+02 8.1662666e-24
2.7107595e+02 8.1709057e-24
2.7169039e+02 8.1755757e-24
2.7230621e+02 8.1802767e-24
2.7292343e+02 8.1850086e-24
2.7354205e+02 8.1897715e-24
2.7416208e+02 8.1945653e-24
2.7478350e+02 8.1993901e-24
2.7540634e+02 8.2042458e-24
2.7603059e+02 8.2091325e-24
2.7665625e+02 8.2140502e-24
2.7728333e+02 8.2189989e-24
2.7791183e+02 8.2239786e-24
2.7854176e+02 8.2289892e-24
2.7917312e+02 8.2340309e-24
2.7980590e+02 8.2391036e-24
2.8044012e+02 8.2442074e-24
2.8107578e+02 8.2493422e-24
2.8171288e+02 8.2545080e-24
2.8235142e+02 8.2597049e-24
2.8299141e+02 8.2649329e-24
2.8363285e+02 8.2701920e-24
2.8427575e+02 8.2754823e-24
2.8492010e+02 8.2808036e-24
2.8556591e+02 8.2861561e-24
2.8621319e+02 8.2915398e-24
2.8686193e+02 8.2969546e-24
2.8751214e+02 8.3024007e-24
2.8816383e+02 8.3078779e-24
2.8881700e+02 8.3133865e-24
2.8947164e+02 8.3189262e-24
2.9012777e+02 8.3244973e-24
2.9078539e+02 8.3300996e-24
2.9144449e+02 8.3357333e-24
2.9210510e+02 8.3413984e-24
2.9276719e+02 8.3470948e-24
2.9343079e+02 8.3528226e-24
2.9409590e+02 8.3585818e-24
2.9476251e+02 8.3643724e-24
2.9543063e+02 8.3701946e-24
2.9610026e+02 8.3760482e-24
2.9677142e+02 8.3819334e-24
2.9744409e+02 8.3878501e-24
2.9811829e+02 8.3937983e-24
2.9879402e+02 8.3997782e-24
2.9947128e+02 8.4057898e-24
3.0015007e+02 8.4118330e-24
3.0083041e+02 8.4179079e-24
3.0151228e+02 8.4240145e-24
3.0219570e+02 8.4301529e-24
3.0288067e+02 8.4363231e-24
3.0356720e+02 8.4425251e-24
3.0425528e+02 8.4487589e-24
3.0494491e+02 8.4550247e-24
3.0563612e+02 8.4613223e-24
3.0632888e+02 8.4676520e-24
3.0702322e+02 8.4740136e-24
3.0771913e+02 8.4804072e-24
3.0841662e+02 8.4868330e-24
3.0911569e+02 8.4932908e-24
3.0981635e+02 8.4997808e-24
3.1051859e+02 8.5063029e-24
3.1122243e+02 8.5128573e-24
3.1192786e+02 8.5194439e-24
3.1263489e+02 8.5260628e-24
3.1334352e+02 8.5327140e-24
3.1405376e+02 8.5393977e-24
3.1476561e+02 8.5461137e-24
3.1547907e+02 8.5528622e-24
3.1619415e+02 8.5596432e-24
3.1691085e+02 8.5664567e-24
3.1762917e+02 8.5733028e-24
3.1834912e+02 8.5801815e-24
3.1907071e+02 8.5870929e-24
3.1979393e+02 8.5940371e-24
3.2051878e+02 8.6010139e-24
3.2124529e+02 8.6080236e-24
3.2197343e+02 8.6150661e-24
3.2270323e+02 8.6221416e-24
3.2343469e+02 8.6292499e-24
3.2416780e+02 8.6363913e-24
3.2490257e+02 8.6435657e-24
3.2563901e+02 8.6507731e-24
3.2637712e+02 8.6580137e-24
3.2711690e+02 8.6652875e-24
3.2785835e+02 8.6725945e-24
3.2860149e+02 8.6799348e-24
3.2934632e+02 8.6873084e-24
3.3009283e+02 8.6947154e-24
3.3084103e+02 8.7021558e-24
3.3159093e+02 8.7096297e-24
3.3234253e+02 8.7171372e-24
3.3309583e+02 8.7246782e-24
3.3385084e+02 8.7322528e-24
3.3460756e+02 8.7398612e-24
3.3536600e+02 8.7475033e-24
3.3612615e+02 8.7551792e-24
3.3688803e+02 8.7628889e-24
3.3765163e+02 8.7706325e-24
3.3841697e+02 8.7784101e-24
3.3918404e+02 8.7862217e-24
3.3995285e+02 8.7940674e-24
3.4072340e+02 8.8019472e-24
3.4149570e+02 8.8098612e-24
3.4226975e+02 8.8178095e-24
3.4304555e+02 8.8257920e-24
3.4382312e+02 8.8338089e-24
3.4460244e+02 8.8418602e-24
3.4538353e+02 8.8499460e-24
3.4616639e+02 8.8580663e-24
3.4695103e+02 8.8662212e-24
3.4773744e+02 8.8744107e-24
3.4852564e+02 8.8826350e-24
3.4931562e+02 8.8908940e-24
3.5010740e+02 8.8991879e-24
3.5090097e+02 8.9075167e-24
3.5169633e+02 8.9158804e-24
3.5249350e+02 8.9242791e-24
3.5329248e+02 8.9327129e-24
3.5409327e+02 8.9411818e-24
3.5489587e+02 8.9496860e-24
3.5570029e+02 8.9582254e-24
3.5650654e+02 8.9668002e-24
3.5731461e+02 8.9754103e-24
3.5812452e+02 8.9840559e-24
3.5893626e+02 8.9927370e-24
3.5974984e+02 9.0014537e-24
3.6056526e+02 9.0102061e-24
3.6138254e+02 9.0189942e-24
3.6220166e+02 9.0278181e-24
3.6302265e+02 9.0366778e-24
3.6384549e+02 9.0455734e-24
3.6467020e+02 9.0545051e-24
3.6549677e+02 9.0634727e-24
3.6632522e+02 9.0724765e-24
3.6715555e+02 9.0815165e-24
3.6798776e+02 9.0905928e-24
3.6882186e+02 9.0997054e-24
3.6965785e+02 9.1088543e-24
3.7049573e+02 9.1180398e-24
3.7133551e+02 9.1272618e-24
3.7217720e+02 9.1365203e-24
3.7302079e+02 9.1458156e-24
3.7386630e+02 9.1551476e-24
3.7471372e+02 9.1645164e-24
3.7556306e+02 9.1739221e-24
3.7641433e+02 9.1833648e-24
3.7726753e+02 9.1928445e-24
3.7812266e+02 9.2023613e-24
3.7897973e+02 9.2119153e-24
3.7983874e+02 9.2215066e-24
3.8069970e+02 9.2311351e-24
3.8156261e+02 9.2408011e-24
3.8242747e+02 9.2505045e-24
3.8329430e+02 9.2602455e-24
3.8416309e+02 9.2700241e-24
3.8503385e+02 9.2798404e-24
3.8590659e+02 9.2896945e-24
3.8678130e+02 9.2995864e-24
3.8765800e+02 9.3095162e-24
3.8853668e+02 9.3194841e-24
3.8941735e+02 9.3294900e-24
3.9030002e+02 9.3395340e-24
3.9118470e+02 9.3496163e-24
3.9207137e+02 9.3597369e-24
3.9296006e+02 9.3698959e-24
3.9385076e+02 9.3800933e-24
3.9474348e+02 9.3903293e-24
3.9563822e+02 9.4006039e-24
3.9653499e+02 9.4109172e-24
3.9743379e+02 9.4212693e-24
3.9833464e+02 9.4316602e-24
3.9923752e+02 9.4420901e-24
4.0014245e+02 9.4525590e-24
4.0104943e+02 9.4630670e-24
4.0195846e+02 9.4736141e-24
4.0286956e+02 9.4842005e-24
4.0378272e+02 9.4948263e-24
4.0469795e+02 9.5054915e-24
4.0561526e+02 9.5161962e-24
4.0653465e+02 9.5269404e-24
4.0745611e+02 9.5377244e-24
4.0837967e+02 9.5485481e-24
4.0930532e+02 9.5594116e-24
4.1023307e+02 9.5703151e-24
4.1116293e+02 9.5812586e-24
4.1209489e+02 9.5922422e-24
4.1302896e+02 9.6032659e-24
4.1396515e+02 9.6143299e-24
4.1490346e+02 9.6254343e-24
4.1584390e+02 9.6365790e-24
4.1678647e+02 9.6477644e-24
4.1773117e+02 9.6589903e-24
4.1867802e+02 9.6702569e-24
4.1962701e+02 9.6815643e-24
4.2057816e+02 9.6929126e-24
4.2153146e+02 9.7043019e-24
4.2248692e+02 9.7157322e-24
4.2344455e+02 9.7272037e-24
4.2440435e+02 9.7387164e-24
4.2536632e+02 9.7502704e-24
4.2633047e+02 9.7618659e-24
4.2729681e+02 9.7735029e-24
4.2826534e+02 9.7851815e-24
4.2923607e+02 9.7969018e-24
4.3020899e+02 9.8086639e-24
4.3118412e+02 9.8204680e-24
4.3216147e+02 9.8323140e-24
4.3314102e+02 9.8442022e-24
4.3412280e+02 9.8561326e-24
4.3510680e+02 9.8681053e-24
4.3609303e+02 9.8801205e-24
4.3708150e+02 9.8921782e-24
4.3807221e+02 9.9042785e-24
4.3906516e+02 9.9164217e-24
4.4006037e+02 9.9286077e-24
4.4105783e+02 9.9408367e-24
4.4205755e+02 9.9531089e-24
4.4305953e+02 9.9654244e-24
4.4406379e+02 9.9777833e-24
4.4507033e+02 9.9901857e-24
4.4607914e+02 1.0002632e-23
4.4709024e+02 1.0015122e-23
4.4810364e+02 1.0027656e-23
4.4911933e+02 1.0040235e-23
4.5013732e+02 1.0052858e-23
4.5115762e+02 1.0065525e-23
4.5218024e+02 1.0078238e-23
4.5320517e+02 1.0090996e-23
4.5423242e+02 1.0103800e-23
4.5526201e+02 1.0116650e-23
4.5629392e+02 1.0129546e-23
4.5732818e+02 1.0142489e-23
4.5836478e+02 1.0155480e-23
4.5940373e+02 1.0168520e-23
4.6044503e+02 1.0181609e-23
4.6148870e+02 1.0194749e-23
4.6253473e+02 1.0207942e-23
4.6358313e+02 1.0221188e-23
4.6463391e+02 1.0234493e-23
4.6568707e+02 1.0247858e-23
4.6674261e+02 1.0261290e-23
4.6780055e+02 1.0274796e-23
4.6886089e+02 1.0288387e-23
4.6992363e+02 1.0302081e-23
4.7098878e+02 1.0315905e-23
4.7205634e+02 1.0329906e-23
4.7312633e+02 1.0344165e-23
4.7419874e+02 1.0358842e-23
4.7527358e+02 1.0374283e-23
4.7635085e+02 1.0391347e-23
4.7743057e+02 1.0412718e-23
4.7851274e+02 1.0450754e-23
4.7959735e+02 1.0648976e-23
4.8068443e+02 1.1939038e-23
4.8177397e+02 1.0524153e-23
4.8286598e+02 1.0488183e-23
4.8396047e+02 1.0490462e-23
4.8505743e+02 1.0500055e-23
4.8615688e+02 1.0512019e-23
4.8725883e+02 1.0524994e-23
4.8836327e+02 1.0538488e-23
4.8947022e+02 1.0552286e-23
4.9057967e+02 1.0566283e-23
4.9169164e+02 1.0580422e-23
4.9280613e+02 1.0594672e-23
4.9392315e+02 1.0609011e-23
4.9504269e+02 1.0623429e-23
4.9616478e+02 1.0637916e-23
4.9728941e+02 1.0652468e-23
4.9841659e+02 1.0667079e-23
4.9954632e+02 1.0681749e-23
5.0067861e+02 1.0696473e-23
5.0181347e+02 1.0711252e-23
5.0295090e+02 1.0726085e-23
5.0409091e+02 1.0740969e-23
5.0523351e+02 1.0755905e-23
5.0637869e+02 1.0770892e-23
5.0752647e+02 1.0785930e-23
5.0867686e+02 1.0801019e-23
5.0982984e+02 1.0816158e-23
5.1098545e+02 1.0831348e-23
5.1214367e+02 1.0846588e-23
5.1330452e+02 1.0861878e-23
5.1446799e+02 1.0877218e-23
5.1563411e+02 1.0892608e-23
5.1680287e+02 1.0908048e-23
5.1797428e+02 1.0923539e-23
5.1914834e+02 1.0939080e-23
5.2032506e+02 1.0954671e-23
5.2150446e+02 1.0970313e-23
5.2268652e+02 1.0986004e-23
5.2387127e+02 1.1001747e-23
5.2505869e+02 1.1017540e-23
5.2624882e+02 1.1033383e-23
5.2744163e+02 1.1049277e-23
5.2863716e+02 1.1065222e-23
5.2983539e+02 1.1081218e-23
5.3103634e+02 1.1097265e-23
5.3224001e+02 1.1113362e-23
5.3344641e+02 1.1129511e-23
5.3465554e+02 1.1145711e-23
5.3586741e+02 1.1161963e-23
5.3708203e+02 1.1178266e-23
5.3829941e+02 1.1194620e-23
5.3951954e+02 1.1211026e-23
5.4074244e+02 1.1227484e-23
5.4196811e+02 1.1243994e-23
5.4319656e+02 1.1260556e-23
5.4442779e+02 1.1277169e-23
5.4566181e+02 1.1293835e-23
5.4689863e+02 1.1310553e-23
5.4813826e+02 1.1327324e-23
5.4938069e+02 1.1344147e-23
5.5062594e+02 1.1361022e-23
5.5187402e+02 1.1377950e-23
5.5312492e+02 1.1394932e-23
5.5437866e+02 1.1411965e-23
5.5563523e+02 1.1429052e-23
5.5689466e+02 1.1446193e-23
5.5815694e+02 1.1463386e-23
5.5942209e+02 1.1480633e-23
5.6069010e+02 1.1497933e-23
5.6196098e+02 1.1515287e-23
5.6323475e+02 1.1532694e-23
5.6451140e+02 1.1550155e-23
5.6579095e+02 1.1567670e-23
5.6707339e+02 1.1585239e-23
5.6835874e+02 1.1602863e-23
5.6964701e+02 1.1620540e-23
5.7093820e+02 1.1638272e-23
5.7223231e+02 1.1656059e-23
5.7352936e+02 1.1673900e-23
5.7482935e+02 1.1691795e-23
5.7613228e+02 1.1709746e-23
5.7743817e+02 1.1727751e-23
5.7874701e+02 1.1745812e-23
5.8005883e+02 1.1763928e-23
5.8137361e+02 1.1782099e-23
5.8269138e+02 1.1800325e-23
5.8401213e+02 1.1818607e-23
5.8533588e+02 1.1836944e-23
5.8666263e+02 1.1855338e-23
5.8799238e+02 1.1873787e-23
5.8932515e+02 1.1892292e-23
5.9066094e+02 1.1910853e-23
5.9199976e+02 1.1929471e-23
5.9334161e+02 1.1948144e-23
5.9468651e+02 1.1966875e-23
5.9603445e+02 1.1985661e-23
5.9738545e+02 1.2004505e-23
5.9873951e+02 1.2023405e-23
6.0009664e+02 1.2042363e-23
6.0145684e+02 1.2061377e-23
6.0282013e+02 1.2080448e-23
6.0418651e+02 1.2099577e-23
6.0555598e+02 1.2118763e-23
6.0692856e+02 1.2138007e-23
6.0830425e+02 1.2157309e-23
6.0968306e+02 1.2176668e-23
6.1106500e+02 1.2196085e-23
6.1245006e+02 1.2215560e-23
6.1383827e+02 1.2235093e-23
6.1522962e+02 1.2254684e-23
6.1662413e+02 1.2274334e-23
6.1802180e+02 1.2294043e-23
6.1942263e+02 1.2313810e-23
6.2082664e+02 1.2333635e-23
6.2223384e+02 1.2353520e-23
6.2364422e+02 1.2373464e-23
6.2505780e+02 1.2393466e-23
6.2647458e+02 1.2413528e-23
6.2789458e+02 1.2433650e-23
6.2931779e+02 1.2453831e-23
6.3074423e+02 1.2474071e-23
6.3217390e+02 1.2494371e-23
6.3360681e+02 1.2514731e-23
6.3504297e+02 1.2535151e-23
6.3648239e+02 1.2555631e-23
6.3792507e+02 1.2576172e-23
6.3937102e+02 1.2596773e-23
6.4082024e+02 1.2617434e-23
6.4227276e+02 1.2638156e-23
6.4372856e+02 1.2658938e-23
6.4518766e+02 1.2679782e-23
6.4665007e+02 1.2700686e-23
6.4811580e+02 1.2721652e-23
6.4958485e+02 1.2742679e-23
6.5105722e+02 1.2763767e-23
6.5253294e+02 1.2784917e-23
6.5401200e+02 1.2806129e-23
6.5549441e+02 1.2827402e-23
6.5698018e+02 1.2848737e-23
6.5846932e+02 1.2870134e-23
6.5996184e+02 1.2891593e-23
6.6145774e+02 1.2913115e-23
6.6295703e+02 1.2934699e-23
6.6445971e+02 1.2956345e-23
6.6596581e+02 1.2978055e-23
6.6747531e+02 1.2999827e-23
6.6898824e+02 1.3021662e-23
6.7050460e+02 1.3043560e-23
6.7202439e+02 1.3065521e-23
6.7354763e+02 1.3087546e-23
6.7507433e+02 1.3109634e-23
6.7660448e+02 1.3131785e-23
6.7813810e+02 1.3154001e-23
6.7967520e+02 1.3176280e-23
6.8121578e+02 1.3198623e-23
6.8275985e+02 1.3221030e-23
6.8430743e+02 1.3243502e-23
6.8585851e+02 1.3266038e-23
6.8741311e+02 1.3288639e-23
6.8897123e+02 1.3311304e-23
6.9053288e+02 1.3334034e-23
6.9209807e+02 1.3356829e-23
6.9366681e+02 1.3379689e-23
6.9523911e+02 1.3402614e-23
6.9681497e+02 1.3425604e-23
6.9839440e+02 1.3448660e-23
6.9997741e+02 1.3471782e-23
7.0156401e+02 1.3494969e-23
7.0315420e+02 1.3518223e-23
7.0474800e+02 1.3541542e-23
7.0634542e+02 1.3564927e-23
7.0794645e+02 1.3588379e-23
7.0955111e+02 1.3611897e-23
7.1115941e+02 1.3635482e-23
7.1277136e+02 1.3659133e-23
7.1438695e+02 1.3682852e-23
7.1600622e+02 1.3706637e-23
7.1762915e+02 1.3730489e-23
7.1925576e+02 1.3754409e-23
7.2088605e+02 1.3778396e-23
7.2252004e+02 1.3802451e-23
7.2415774e+02 1.3826573e-23
7.2579915e+02 1.3850763e-23
7.2744428e+02 1.3875021e-23
7.2909313e+02 1.3899347e-23
7.3074573e+02 1.3923742e-23
7.3240207e+02 1.3948204e-23
7.3406216e+02 1.3972736e-23
7.3572602e+02 1.3997336e-23
7.3739365e+02 1.4022005e-23
7.3906506e+02 1.4046742e-23
7.4074025e+02 1.4071549e-23
7.4241925e+02 1.4096425e-23
7.4410205e+02 1.4121371e-23
7.4578866e+02 1.4146386e-23
7.4747910e+02 1.4171470e-23
7.4917337e+02 1.4196625e-23
7.5087148e+02 1.4221849e-23
7.5257344e+02 1.4247144e-23
7.5427925e+02 1.4272509e-23
7.5598893e+02 1.4297944e-23
7.5770249e+02 1.4323450e-23
7.5941993e+02 1.4349026e-23
7.6114127e+02 1.4374674e-23
7.6286650e+02 1.4400392e-23
7.6459565e+02 1.4426181e-23
7.6632872e+02 1.4452042e-23
7.6806571e+02 1.4477974e-23
7.6980664e+02 1.4503978e-23
7.7155152e+02 1.4530053e-23
7.7330035e+02 1.4556201e-23
7.7505315e+02 1.4582420e-23
7.7680992e+02 1.4608711e-23
7.7857067e+02 1.4635075e-23
7.8033541e+02 1.4661511e-23
7.8210415e+02 1.4688020e-23
7.8387690e+02 1.4714602e-23
7.8565367e+02 1.4741256e-23
7.8743447e+02 1.4767984e-23
7.8921930e+02 1.4794785e-23
7.9100818e+02 1.4821659e-23
7.9280112e+02 1.4848607e-23
7.9459812e+02 1.4875628e-23
7.9639919e+02 1.4902723e-23
7.9820434e+02 1.4929893e-23
8.0001358e+02 1.4957136e-23
8.0182693e+02 1.4984454e-23
8.0364439e+02 1.5011846e-23
8.0546596e+02 1.5039312e-23
8.0729167e+02 1.5066854e-23
8.0912151e+02 1.5094470e-23
8.1095550e+02 1.5122162e-23
8.1279365e+02 1.5149928e-23
8.1463596e+02 1.5177770e-23
8.1648245e+02 1.5205688e-23
8.1833312e+02 1.5233681e-23
8.2018799e+02 1.5261750e-23
8.2204707e+02 1.5289895e-23
8.2391036e+02 1.5318116e-23
8.2577787e+02 1.5346413e-23
8.2764961e+02 1.5374787e-23
8.2952560e+02 1.5403238e-23
8.3140584e+02 1.5431765e-23
8.3329034e+02 1.5460370e-23
8.3517911e+02 1.5489051e-23
8.3707216e+02 1.5517810e-23
8.3896951e+02 1.5546646e-23
8.4087115e+02 1.5575559e-23
8.4277711e+02 1.5604551e-23
8.4468738e+02 1.5633620e-23
8.4660199e+02 1.5662768e-23
8.4852093e+02 1.5691993e-23
8.5044423e+02 1.5721297e-23
8.5237188e+02 1.5750680e-23
8.5430391e+02 1.5780141e-23
8.5624031e+02 1.5809681e-23
8.5818110e+02 1.5839301e-23
8.6012629e+02 1.5868999e-23
8.6207589e+02 1.5898777e-23
8.6402991e+02 1.5928634e-23
8.6598836e+02 1.5958571e-23
8.6795124e+02 1.5988588e-23
8.6991858e+02 1.6018685e-23
8.7189038e+02 1.6048862e-23
8.7386664e+02 1.6079120e-23
8.7584739e+02 1.6109458e-23
8.7783262e+02 1.6139876e-23
8.7982235e+02 1.6170376e-23
8.8181660e+02 1.6200956e-23
8.8381536e+02 1.6231618e-23
8.8581866e+02 1.6262361e-23
8.8782649e+02 1.6293186e-23
8.8983888e+02 1.6324093e-23
8.9185583e+02 1.6355081e-23
8.9387734e+02 1.6386151e-23
8.9590345e+02 1.6417304e-23
8.9793414e+02 1.6448539e-23
8.9996944e+02 1.6479856e-23
9.0200935e+02 1.6511257e-23
9.0405388e+02 1.6542740e-23
9.0610305e+02 1.6574306e-23
9.0815686e+02 1.6605956e-23
9.1021533e+02 1.6637688e-23
9.1227846e+02 1.6669505e-23
9.1434627e+02 1.6701405e-23
9.1641877e+02 1.6733390e-23
9.1849597e+02 1.6765458e-23
9.2057787e+02 1.6797611e-23
9.2266449e+02 1.6829848e-23
9.2475584e+02 1.6862170e-23
9.2685193e+02 1.6894577e-23
9.2895278e+02 1.6927069e-23
9.3105838e+02 1.6959647e-23
9.3316876e+02 1.6992310e-23
9.3528392e+02 1.7025059e-23
9.3740388e+02 1.7057893e-23
9.3952864e+02 1.7090815e-23
9.4165821e+02 1.7123823e-23
9.4379262e+02 1.7156919e-23
9.4593186e+02 1.7190103e-23
9.4807595e+02 1.7223377e-23
9.5022490e+02 1.7256745e-23
9.5237872e+02 1.7290215e-23
9.5453743e+02 1.7323810e-23
9.5670102e+02 1.7357630e-23
9.5886952e+02 1.7392621e-23
9.6104294e+02 1.7506943e-23
9.6322128e+02 1.7459609e-23
9.6540456e+02 1.7492862e-23
9.6759279e+02 1.7526766e-23
9.6978598e+02 1.7560852e-23
9.7198413e+02 1.7595055e-23
9.7418728e+02 1.7629359e-23
9.7639541e+02 1.7663757e-23
9.7860855e+02 1.7698247e-23
9.8082671e+02 1.7732828e-23
9.8304989e+02 1.7767499e-23
9.8527812e+02 1.7802261e-23
9.8751139e+02 1.7837114e-23
9.8974973e+02 1.7872057e-23
9.9199314e+02 1.7907090e-23
9.9424163e+02 1.7942214e-23
9.9649523e+02 1.7977429e-23
9.9875393e+02 1.8012734e-23
1.0010177e+03 1.8048131e-23
1.0032867e+03 1.8083619e-23
1.0055608e+03 1.8119198e-23
1.0078400e+03 1.8154870e-23
1.0101245e+03 1.8190632e-23
1.0124140e+03 1.8226487e-23
1.0147088e+03 1.8262434e-23
1.0170088e+03 1.8298474e-23
1.0193140e+03 1.8334606e-23
1.0216244e+03 1.8370831e-23
1.0239401e+03 1.8407149e-23
1.0262610e+03 1.8443559e-23
1.0285872e+03 1.8480064e-23
1.0309186e+03 1.8516661e-23
1.0332553e+03 1.8553353e-23
1.0355973e+03 1.8590138e-23
1.0379447e+03 1.8627018e-23
1.0402973e+03 1.8663992e-23
1.0426553e+03 1.8701060e-23
1.0450186e+03 1.8738223e-23
1.0473873e+03 1.8775481e-23
1.0497614e+03 1.8812834e-23
1.0521408e+03 1.8850282e-23
1.0545256e+03 1.8887826e-23
1.0569159e+03 1.8925465e-23
1.0593115e+03 1.8963201e-23
1.0617126e+03 1.9001032e-23
1.0641191e+03 1.9038960e-23
1.0665311e+03 1.9076984e-23
1.0689486e+03 1.9115105e-23
1.0713715e+03 1.9153323e-23
1.0737999e+03 1.9191638e-23
1.0762338e+03 1.9230050e-23
1.0786733e+03 1.9268560e-23
1.0811182e+03 1.9307167e-23
1.0835687e+03 1.9345873e-23
1.0860248e+03 1.9384676e-23
1.0884864e+03 1.9423578e-23
1.0909536e+03 1.9462579e-23
1.0934265e+03 1.9501678e-23
1.0959049e+03 1.9540876e-23
1.0983889e+03 1.9580173e-23
1.1008785e+03 1.9619570e-23
1.1033738e+03 1.9659066e-23
1.1058748e+03 1.9698662e-23
1.1083814e+03 1.9738358e-23
1.1108937e+03 1.9778154e-23
1.1134117e+03 1.9818051e-23
1.1159354e+03 1.9858048e-23
1.1184649e+03 1.9898146e-23
1.1210000e+03 1.9938345e-23
1.1235409e+03 1.9978645e-23
1.1260876e+03 2.0019047e-23
1.1286400e+03 2.0059550e-23
1.1311983e+03 2.0100156e-23
1.1337623e+03 2.0140863e-23
1.1363321e+03 2.0181673e-23
1.1389078e+03 2.0222586e-23
1.1414893e+03 2.0263601e-23
1.1440766e+03 2.0304719e-23
1.1466698e+03 2.0345940e-23
1.1492689e+03 2.0387265e-23
1.1518739e+03 2.0428693e-23
1.1544848e+03 2.0470225e-23
1.1571016e+03 2.0511862e-23
1.1597243e+03 2.0553602e-23
1.1623530e+03 2.0595447e-23
1.1649877e+03 2.0637397e-23
1.1676283e+03 2.0679451e-23
1.1702749e+03 2.0721611e-23
1.1729275e+03 2.0763877e-23
1.1755861e+03 2.0806247e-23
1.1782507e+03 2.0848724e-23
1.1809214e+03 2.0891307e-23
1.1835981e+03 2.0933996e-23
1.1862809e+03 2.0976791e-23
1.1889698e+03 2.1019694e-23
1.1916648e+03 2.1062703e-23
1.1943658e+03 2.1105819e-23
1.1970730e+03 2.1149043e-23
1.1997864e+03 2.1192374e-23
1.2025059e+03 2.1235813e-23
1.2052315e+03 2.1279361e-23
1.2079634e+03 2.1323016e-23
1.2107014e+03 2.1366781e-23
1.2134456e+03 2.1410654e-23
1.2161961e+03 2.1454636e-23
1.2189527e+03 2.1498727e-23
1.2217157e+03 2.1542927e-23
1.2244849e+03 2.1587238e-23
1.2272603e+03 2.1631658e-23
1.2300421e+03 2.1676189e-23
1.2328302e+03 2.1720829e-23
1.2356246e+03 2.1765581e-23
1.2384253e+03 2.1810443e-23
1.2412323e+03 2.1855417e-23
1.2440458e+03 2.1900501e-23
1.2468656e+03 2.1945698e-23
1.2496918e+03 2.1991006e-23
1.2525244e+03 2.2036426e-23
1.2553634e+03 2.2081958e-23
1.2582089e+03 2.2127603e-23
1.2610608e+03 2.2173361e-23
1.2639192e+03 2.2219232e-23
1.2667840e+03 2.2265216e-23
1.2696554e+03 2.2311313e-23
1.2725332e+03 2.2357524e-23
1.2754176e+03 2.2403849e-23
1.2783085e+03 2.2450289e-23
1.2812060e+03 2.2496843e-23
1.2841100e+03 2.2543511e-23
1.2870206e+03 2.2590294e-23
1.2899379e+03 2.2637193e-23
1.2928617e+03 2.2684207e-23
1.2957922e+03 2.2731336e-23
1.2987292e+03 2.2778582e-23
1.3016730e+03 2.2825943e-23
1.3046234e+03 2.2873422e-23
1.3075806e+03 2.2921016e-23
1.3105444e+03 2.2968728e-23
1.3135149e+03 2.3016557e-23
1.3164922e+03 2.3064503e-23
1.3194762e+03 2.3112566e-23
1.3224670e+03 2.3160748e-23
1.3254645e+03 2.3209048e-23
1.3284689e+03 2.3257466e-23
1.3314801e+03 2.3306003e-23
1.3344981e+03 2.3354659e-23
1.3375229e+03 2.3403434e-23
1.3405546e+03 2.3452328e-23
1.3435931e+03 2.3501342e-23
1.3466386e+03 2.3550476e-23
1.3496909e+03 2.3599730e-23
1.3527502e+03 2.3649105e-23
1.3558164e+03 2.3698600e-23
1.3588896e+03 2.3748216e-23
1.3619697e+03 2.3797953e-23
1.3650568e+03 2.3847812e-23
1.3681509e+03 2.3897793e-23
1.3712520e+03 2.3947895e-23
1.3743601e+03 2.3998120e-23
1.3774753e+03 2.4048467e-23
1.3805976e+03 2.4098937e-23
1.3837269e+03 2.4149531e-23
1.3868633e+03 2.4200247e-23
1.3900068e+03 2.4251087e-23
1.3931575e+03 2.4302051e-23
1.3963153e+03 2.4353138e-23
1.3994802e+03 2.4404351e-23
1.4026523e+03 2.4455687e-23
1.4058316e+03 2.4507149e-23
1.4090182e+03 2.4558736e-23
1.4122119e+03 2.4610449e-23
1.4154129e+03 2.4662287e-23
1.4186211e+03 2.4714251e-23
1.4218366e+03 2.4766342e-23
1.4250594e+03 2.4818559e-23
1.4282895e+03 2.4870905e-23
1.4315270e+03 2.4923379e-23
1.4347717e+03 2.4975989e-23
1.4380238e+03 2.5028784e-23
1.4412833e+03 2.5140746e-23
1.4445502e+03 2.5134603e-23
1.4478245e+03 2.5187656e-23
1.4511062e+03 2.5240883e-23
1.4543953e+03 2.5294246e-23
1.4576919e+03 2.5347741e-23
1.4609960e+03 2.5401366e-23
1.4643075e+03 2.5455121e-23
1.4676266e+03 2.5509007e-23
1.4709532e+03 2.5563023e-23
1.4742873e+03 2.5617169e-23
1.4776290e+03 2.5671447e-23
1.4809783e+03 2.5725856e-23
1.4843351e+03 2.5780396e-23
1.4876996e+03 2.5835068e-23
1.4910717e+03 2.5889872e-23
1.4944514e+03 2.5944808e-23
1.4978388e+03 2.5999877e-23
1.5012338e+03 2.6055079e-23
1.5046366e+03 2.6110414e-23
1.5080471e+03 2.6165883e-23
1.5114653e+03 2.6221485e-23
1.5148912e+03 2.6277221e-23
1.5183250e+03 2.6333092e-23
1.5217665e+03 2.6389097e-23
1.5252158e+03 2.6445237e-23
1.5286729e+03 2.6501513e-23
1.5321378e+03 2.6557923e-23
1.5356106e+03 2.6614470e-23
1.5390913e+03 2.6671153e-23
1.5425799e+03 2.6727972e-23
1.5460764e+03 2.6784927e-23
1.5495808e+03 2.6842020e-23
1.5530931e+03 2.6899250e-23
1.5566134e+03 2.6956617e-23
1.5601417e+03 2.7014122e-23
1.5636780e+03 2.7071766e-23
1.5672223e+03 2.7129547e-23
1.5707746e+03 2.7187468e-23
1.5743350e+03 2.7245527e-23
1.5779035e+03 2.7303726e-23
1.5814800e+03 2.7362065e-23
1.5850647e+03 2.7420543e-23
1.5886575e+03 2.7479162e-23
1.5922584e+03 2.7537921e-23
1.5958675e+03 2.7596821e-23
1.5994847e+03 2.7655862e-23
1.6031102e+03 2.7715045e-23
1.6067439e+03 2.7774369e-23
1.6103858e+03 2.7833836e-23
1.6140360e+03 2.7893445e-23
1.6176944e+03 2.7953196e-23
1.6213611e+03 2.8013090e-23
1.6250362e+03 2.8073128e-23
1.6287196e+03 2.8133310e-23
1.6324113e+03 2.8193635e-23
1.6361114e+03 2.8254104e-23
1.6398199e+03 2.8314718e-23
1.6435368e+03 2.8375477e-23
1.6472621e+03 2.8436381e-23
1.6509958e+03 2.8497431e-23
1.6547380e+03 2.8558626e-23
1.6584887e+03 2.8619968e-23
1.6622479e+03 2.8681455e-23
1.6660157e+03 2.8743090e-23
1.6697919e+03 2.8804872e-23
1.6735768e+03 2.8866801e-23
1.6773702e+03 2.8928877e-23
1.6811722e+03 2.8991102e-23
1.6849828e+03 2.9053475e-23
1.6888020e+03 2.9115997e-23
1.6926299e+03 2.9178668e-23
1.6964665e+03 2.9241488e-23
1.7003118e+03 2.9304457e-23
1.7041658e+03 2.9367577e-23
1.7080286e+03 2.9430847e-23
1.7119001e+03 2.9494267e-23
1.7157803e+03 2.9557839e-23
1.7196694e+03 2.9621562e-23
1.7235673e+03 2.9685436e-23
1.7274740e+03 2.9749462e-23
1.7313895e+03 2.9813641e-23
1.7353140e+03 2.9877972e-23
1.7392473e+03 2.9942456e-23
1.7431896e+03 3.0007093e-23
1.7471408e+03 3.0071884e-23
1.7511009e+03 3.0136828e-23
1.7550700e+03 3.0201927e-23
1.7590482e+03 3.0267181e-23
1.7630353e+03 3.0332589e-23
1.7670315e+03 3.0398153e-23
1.7710367e+03 3.0463872e-23
1.7750510e+03 3.0529748e-23
1.7790744e+03 3.0595779e-23
1.7831069e+03 3.0661967e-23
1.7871486e+03 3.0728312e-23
1.7911994e+03 3.0794815e-23
1.7952594e+03 3.0861475e-23
1.7993287e+03 3.0928293e-23
1.8034071e+03 3.0995269e-23
1.8074948e+03 3.1062404e-23
1.8115917e+03 3.1129698e-23
1.8156980e+03 3.1197151e-23
1.8198135e+03 3.1264764e-23
1.8239384e+03 3.1332537e-23
1.8280726e+03 3.1400471e-23
1.8322162e+03 3.1468565e-23
1.8363692e+03 3.1536821e-23
1.8405316e+03 3.1605237e-23
1.8447034e+03 3.1673816e-23
1.8488847e+03 3.1742557e-23
1.8530754e+03 3.1811460e-23
1.8572757e+03 3.1880527e-23
1.8614855e+03 3.1949756e-23
1.8657048e+03 3.2019149e-23
1.8699337e+03 3.2088706e-23
1.8741722e+03 3.2158427e-23
1.8784202e+03 3.2228313e-23
1.8826780e+03 3.2298364e-23
1.8869453e+03 3.2368581e-23
1.8912223e+03 3.2438963e-23
1.8955091e+03 3.2509511e-23
1.8998055e+03 3.2580226e-23
1.9041117e+03 3.2651107e-23
1.9084276e+03 3.2722157e-23
1.9127534e+03 3.2793374e-23
1.9170889e+03 3.2864767e-23
1.9214343e+03 3.2954526e-23
1.9257895e+03 3.3008042e-23
1.9301545e+03 3.3079922e-23
1.9345295e+03 3.3151980e-23
1.9389144e+03 3.3224209e-23
1.9433092e+03 3.3296608e-23
1.9477140e+03 3.3369178e-23
1.9521288e+03 3.3441918e-23
1.9565536e+03 3.3514830e-23
1.9609884e+03 3.3587914e-23
1.9654332e+03 3.3661170e-23
1.9698882e+03 3.3734598e-23
1.9743532e+03 3.3808199e-23
1.9788284e+03 3.3881973e-23
1.9833137e+03 3.3955920e-23
1.9878091e+03 3.4030042e-23
1.9923148e+03 3.4104338e-23
1.9968307e+03 3.4178808e-23
2.0013568e+03 3.4253453e-23
2.0058931e+03 3.4328274e-23
2.0104398e+03 3.4403271e-23
2.0149967e+03 3.4478444e-23
2.0195640e+03 3.4553793e-23
2.0241416e+03 3.4629320e-23
2.0287296e+03 3.4705024e-23
2.0333280e+03 3.4780905e-23
2.0379369e+03 3.4856965e-23
2.0425562e+03 3.4933204e-23
2.0471859e+03 3.5009621e-23
2.0518261e+03 3.5086217e-23
2.0564769e+03 3.5162994e-23
2.0611382e+03 3.5239950e-23
2.0658101e+03 3.5317087e-23
2.0704925e+03 3.5394405e-23
2.0751856e+03 3.5471904e-23
2.0798893e+03 3.5549585e-23
2.0846037e+03 3.5627447e-23
2.0893287e+03 3.5705493e-23
2.0940645e+03 3.5783721e-23
2.0988110e+03 3.5862133e-23
2.1035682e+03 3.5940728e-23
2.1083363e+03 3.6019507e-23
2.1131151e+03 3.6098471e-23
2.1179048e+03 3.6177620e-23
2.1227053e+03 3.6256954e-23
2.1275168e+03 3.6336474e-23
2.1323391e+03 3.6416180e-23
2.1371723e+03 3.6496073e-23
2.1420165e+03 3.6576152e-23
2.1468717e+03 3.6656419e-23
2.1517379e+03 3.6736874e-23
2.1566151e+03 3.6817517e-23
2.1615034e+03 3.6898349e-23
2.1664028e+03 3.6979369e-23
2.1713132e+03 3.7060579e-23
2.1762348e+03 3.7141979e-23
2.1811676e+03 3.7223569e-23
2.1861115e+03 3.7305350e-23
2.1910667e+03 3.7387322e-23
2.1960330e+03 3.7469485e-23
2.2010106e+03 3.7551841e-23
2.2059996e+03 3.7634389e-23
2.2109998e+03 3.7717129e-23
2.2160113e+03 3.7800063e-23
2.2210342e+03 3.7883191e-23
2.2260685e+03 3.7966512e-23
2.2311142e+03 3.8050029e-23
2.2361714e+03 3.8133740e-23
2.2412400e+03 3.8217646e-23
2.2463201e+03 3.8301748e-23
2.2514117e+03 3.8386047e-23
2.2565148e+03 3.8470542e-23
2.2616295e+03 3.8555234e-23
2.2667558e+03 3.8640124e-23
2.2718938e+03 3.8725212e-23
2.2770433e+03 3.8810498e-23
2.2822046e+03 3.8895983e-23
2.2873775e+03 3.8981668e-23
2.2925622e+03 3.9067552e-23
2.2977586e+03 3.9153636e-23
2.3029668e+03 3.9239921e-23
2.3081868e+03 3.9326407e-23
2.3134187e+03 3.9413094e-23
2.3186624e+03 3.9499984e-23
2.3239179e+03 3.9587075e-23
2.3291854e+03 3.9674370e-23
2.3344649e+03 3.9761868e-23
2.3397563e+03 3.9849569e-23
2.3450597e+03 3.9937475e-23
2.3503751e+03 4.0025586e-23
2.3557025e+03 4.0113901e-23
2.3610421e+03 4.0202422e-23
2.3663937e+03 4.0291149e-23
2.3717575e+03 4.0380083e-23
2.3771334e+03 4.0469223e-23
2.3825215e+03 4.0558571e-23
2.3879219e+03 4.0648127e-23
2.3933344e+03 4.0737892e-23
2.3987593e+03 4.0827871e-23
2.4041964e+03 4.0918061e-23
2.4096459e+03 4.1008438e-23
2.4151077e+03 4.1099039e-23
2.4205819e+03 4.1189851e-23
2.4260685e+03 4.1280874e-23
2.4315675e+03 4.1372109e-23
2.4370790e+03 4.1463556e-23
2.4426030e+03 4.1555215e-23
2.4481395e+03 4.1647087e-23
2.4536885e+03 4.1739173e-23
2.4592502e+03 4.1831472e-23
2.4648244e+03 4.1923986e-23
2.4704113e+03 4.2016715e-23
2.4760108e+03 4.2109659e-23
2.4816231e+03 4.2202819e-23
2.4872480e+03 4.2296195e-23
2.4928857e+03 4.2389788e-23
2.4985362e+03 4.2483598e-23
2.5041995e+03 4.2577626e-23
2.5098756e+03 4.2671872e-23
2.5155646e+03 4.2766337e-23
2.5212665e+03 4.2861020e-23
2.5269813e+03 4.2955924e-23
2.5327091e+03 4.3051047e-23
2.5384499e+03 4.3146392e-23
2.5442036e+03 4.3241957e-23
2.5499704e+03 4.3337744e-23
2.5557503e+03 4.3433753e-23
2.5615433e+03 4.3529984e-23
2.5673494e+03 4.3626439e-23
2.5731686e+03 4.3723117e-23
2.5790011e+03 4.3820020e-23
2.5848468e+03 4.3917147e-23
2.5907057e+03 4.4014498e-23
2.5965779e+03 4.4112076e-23
2.6024634e+03 4.4209880e-23
2.6083623e+03 4.4307910e-23
2.6142745e+03 4.4406167e-23
2.6202001e+03 4.4504652e-23
2.6261392e+03 4.4603364e-23
2.6320917e+03 4.4702306e-23
2.6380577e+03 4.4801476e-23
2.6440373e+03 4.4900876e-23
2.6500304e+03 4.5000507e-23
2.6560370e+03 4.5100368e-23
2.6620573e+03 4.5200460e-23
2.6680913e+03 4.5300783e-23
2.6741389e+03 4.5401339e-23
2.6802002e+03 4.5502127e-23
2.6862753e+03 4.5603149e-23
2.6923641e+03 4.5704404e-23
2.6984667e+03 4.5805894e-23
2.7045832e+03 4.5907618e-23
2.7107135e+03 4.6009578e-23
2.7168577e+03 4.6111773e-23
2.7230159e+03 4.6214205e-23
2.7291880e+03 4.6316874e-23
2.7353741e+03 4.6419780e-23
2.7415742e+03 4.6522924e-23
2.7477884e+03 4.6626306e-23
2.7540166e+03 4.6729927e-23
2.7602590e+03 4.6833788e-23
2.7665155e+03 4.6937889e-23
2.7727862e+03 4.7042230e-23
2.7790712e+03 4.7146813e-23
2.7853703e+03 4.7251637e-23
2.7916838e+03 4.7356703e-23
2.7980115e+03 4.7462012e-23
2.8043536e+03 4.7567564e-23
2.8107101e+03 4.7673360e-23
2.8170810e+03 4.7779401e-23
2.8234663e+03 4.7885686e-23
2.8298661e+03 4.7992217e-23
2.8362804e+03 4.8098993e-23
2.8427092e+03 4.8206016e-23
2.8491526e+03 4.8313287e-23
2.8556106e+03 4.8420804e-23
2.8620833e+03 4.8528570e-23
2.8685706e+03 4.8636585e-23
2.8750726e+03 4.8744850e-23
2.8815894e+03 4.8853430e-23
2.8881209e+03 4.8962128e-23
2.8946673e+03 4.9071143e-23
2.9012285e+03 4.9180409e-23
2.9078045e+03 4.9289928e-23
2.9143955e+03 4.9399699e-23
2.9210014e+03 4.9509724e-23
2.9276222e+03 4.9620002e-23
2.9342581e+03 4.9730534e-23
2.9409090e+03 4.9841322e-23
2.9475750e+03 4.9952365e-23
2.9542561e+03 5.0063664e-23
2.9609524e+03 5.0175219e-23
2.9676638e+03 5.0287032e-23
2.9743904e+03 5.0399103e-23
2.9811323e+03 5.0511431e-23
2.9878895e+03 5.0624019e-23
2.9946620e+03 5.0736866e-23
3.0014498e+03 5.0849973e-23
3.0082530e+03 5.0963341e-23
3.0150716e+03 5.1076970e-23
3.0219057e+03 5.1190861e-23
3.0287553e+03 5.1305014e-23
3.0356204e+03 5.1419431e-23
3.0425011e+03 5.1534110e-23
3.0493974e+03 5.1649054e-23
3.0563093e+03 5.1764263e-23
3.0632368e+03 5.1879737e-23
3.0701801e+03 5.1995476e-23
3.0771391e+03 5.2111483e-23
3.0841139e+03 5.2227756e-23
3.0911045e+03 5.2344297e-23
3.0981109e+03 5.2461107e-23
3.1051332e+03 5.2578185e-23
3.1121714e+03 5.2695533e-23
3.1192256e+03 5.2813150e-23
3.1262958e+03 5.2931039e-23
3.1333820e+03 5.3049199e-23
3.1404843e+03 5.3167631e-23
3.1476026e+03 5.3286335e-23
3.1547371e+03 5.3405312e-23
3.1618878e+03 5.3524564e-23
3.1690546e+03 5.3644089e-23
3.1762378e+03 5.3763889e-23
3.1834372e+03 5.3883965e-23
3.1906529e+03 5.4004318e-23
3.1978850e+03 5.4124947e-23
3.2051334e+03 5.4245853e-23
3.2123983e+03 5.4367038e-23
3.2196797e+03 5.4488501e-23
3.2269775e+03 5.4610243e-23
3.2342919e+03 5.4732265e-23
3.2416229e+03 5.4854568e-23
3.2489705e+03 5.4977152e-23
3.2563348e+03 5.5100018e-23
3.2637158e+03 5.5223166e-23
3.2711134e+03 5.5346598e-23
3.2785279e+03 5.5470313e-23
3.2859591e+03 5.5594312e-23
3.2934072e+03 5.5718596e-23
3.3008722e+03 5.5843166e-23
3.3083541e+03 5.5968022e-23
3.3158530e+03 5.6093165e-23
3.3233688e+03 5.6218596e-23
3.3309017e+03 5.6344314e-23
3.3384517e+03 5.6470322e-23
3.3460188e+03 5.6596619e-23
3.3536030e+03 5.6723206e-23
3.3612044e+03 5.6850091e-23
3.3688231e+03 5.6977253e-23
3.3764590e+03 5.7104714e-23
3.3841122e+03 5.7232468e-23
3.3917828e+03 5.7360515e-23
3.3994708e+03 5.7488856e-23
3.4071762e+03 5.7617492e-23
3.4148990e+03 5.7746424e-23
3.4226394e+03 5.7875651e-23
3.4303973e+03 5.8005175e-23
3.4381728e+03 5.8134996e-23
3.4459659e+03 5.8265115e-23
3.4537767e+03 5.8395533e-23
3.4616051e+03 5.8526251e-23
3.4694514e+03 5.8657268e-23
3.4773154e+03 5.8788586e-23
3.4851972e+03 5.8920205e-23
3.4930969e+03 5.9052126e-23
3.5010145e+03 5.9184350e-23
3.5089501e+03 5.9316877e-23
3.5169036e+03 5.9449709e-23
3.5248752e+03 5.9582845e-23
3.5328648e+03 5.9716286e-23
3.5408726e+03 5.9850034e-23
3.5488985e+03 5.9984088e-23
3.5569425e+03 6.0118450e-23
3.5650049e+03 6.0253120e-23
3.5730855e+03 6.0388099e-23
3.5811844e+03 6.0523387e-23
3.5893016e+03 6.0658985e-23
3.5974373e+03 6.0794895e-23
3.6055914e+03 6.0931116e-23
3.6137640e+03 6.1067650e-23
3.6219551e+03 6.1204496e-23
3.6301648e+03 6.1341656e-23
3.6383931e+03 6.1479131e-23
3.6466400e+03 6.1616921e-23
3.6549057e+03 6.1755026e-23
3.6631900e+03 6.1893448e-23
3.6714932e+03 6.2032188e-23
3.6798152e+03 6.2171245e-23
3.6881560e+03 6.2310621e-23
3.6965157e+03 6.2450317e-23
3.7048944e+03 6.2590332e-23
3.7132921e+03 6.2730669e-23
3.7217088e+03 6.2871327e-23
3.7301446e+03 6.3012307e-23
3.7385995e+03 6.3153610e-23
3.7470736e+03 6.3295237e-23
3.7555668e+03 6.3437188e-23
3.7640794e+03 6.3579465e-23
3.7726112e+03 6.3722067e-23
3.7811624e+03 6.3864996e-23
3.7897329e+03 6.4008253e-23
3.7983229e+03 6.4151837e-23
3.8069323e+03 6.4295751e-23
3.8155613e+03 6.4439994e-23
3.8242098e+03 6.4584567e-23
3.8328779e+03 6.4729471e-23
3.8415657e+03 6.4874712e-23
3.8502732e+03 6.5020276e-23
3.8590004e+03 6.5166178e-23
3.8677473e+03 6.5312414e-23
3.8765141e+03 6.5458985e-23
3.8853008e+03 6.5605891e-23
3.8941074e+03 6.5753134e-23
3.9029340e+03 6.5900713e-23
3.9117805e+03 6.6048631e-23
3.9206471e+03 6.6196887e-23
3.9295339e+03 6.6345482e-23
3.9384407e+03 6.6494418e-23
3.9473677e+03 6.6643694e-23
3.9563150e+03 6.6793312e-23
3.9652826e+03 6.6943272e-23
3.9742705e+03 6.7093575e-23
3.9832787e+03 6.7244223e-23
3.9923074e+03 6.7395215e-23
4.0013565e+03 6.7546552e-23
4.0104262e+03 6.7698236e-23
4.0195164e+03 6.7850266e-23
4.0286272e+03 6.8002645e-23
4.0377587e+03 6.8155372e-23
4.0469108e+03 6.8308449e-23
4.0560837e+03 6.8461875e-23
4.0652774e+03 6.8615653e-23
4.0744920e+03 6.8769782e-23
4.0837274e+03 6.8924264e-23
4.0929837e+03 6.9079099e-23
4.1022611e+03 6.9234288e-23
4.1115594e+03 6.9389832e-23
4.1208789e+03 6.9545732e-23
4.1302194e+03 6.9701988e-23
4.1395812e+03 6.9858602e-23
4.1489641e+03 7.0015573e-23
4.1583684e+03 7.0172904e-23
4.1677939e+03 7.0330594e-23
4.1772408e+03 7.0488645e-23
4.1867091e+03 7.0647057e-23
4.1961989e+03 7.0805831e-23
4.2057102e+03 7.0964968e-23
4.2152430e+03 7.1124469e-23
4.2247975e+03 7.1284335e-23
4.2343736e+03 7.1444566e-23
4.2439714e+03 7.1605163e-23
4.2535910e+03 7.1766127e-23
4.2632324e+03 7.1927459e-23
4.2728956e+03 7.2089160e-23
4.2825807e+03 7.2251230e-23
4.2922878e+03 7.2413671e-23
4.3020169e+03 7.2576482e-23
4.3117680e+03 7.2739666e-23
4.3215413e+03 7.2903225e-23
4.3313367e+03 7.3067154e-23
4.3411543e+03 7.3231458e-23
4.3509941e+03 7.3396139e-23
4.3608563e+03 7.3561195e-23
4.3707408e+03 7.3726629e-23
4.3806477e+03 7.3892441e-23
4.3905771e+03 7.4058631e-23
4.4005289e+03 7.4225201e-23
4.4105034e+03 7.4392151e-23
4.4205004e+03 7.4559483e-23
4.4305201e+03 7.4727197e-23
4.4405625e+03 7.4895294e-23
4.4506277e+03 7.5063775e-23
4.4607157e+03 7.5232641e-23
4.4708265e+03 7.5401892e-23
4.4809603e+03 7.5571530e-23
4.4911170e+03 7.5741555e-23
4.5012968e+03 7.5911969e-23
4.5114996e+03 7.6082772e-23
4.5217256e+03 7.6253964e-23
4.5319747e+03 7.6425548e-23
4.5422471e+03 7.6597523e-23
4.5525428e+03 7.6769891e-23
4.5628618e+03 7.6942652e-23
4.5732041e+03 7.7115808e-23
4.5835700e+03 7.7289359e-23
4.5939593e+03 7.7463307e-23
4.6043722e+03 7.7637651e-23
4.6148086e+03 7.7812394e-23
4.6252688e+03 7.7987535e-23
4.6357526e+03 7.8163076e-23
4.6462602e+03 7.8339018e-23
4.6567916e+03 7.8515361e-23
4.6673469e+03 7.8692107e-23
4.6779261e+03 7.8869256e-23
4.6885293e+03 7.9046809e-23
4.6991565e+03 7.9224768e-23
4.7098078e+03 7.9403133e-23
4.7204833e+03 7.9581904e-23
4.7311829e+03 7.9761084e-23
4.7419069e+03 7.9940673e-23
4.7526551e+03 8.0120671e-23
4.7634276e+03 8.0301080e-23
4.7742246e+03 8.0481900e-23
4.7850461e+03 8.0663134e-23
4.7958921e+03 8.0844780e-23
4.8067627e+03 8.1026842e-23
4.8176579e+03 8.1209318e-23
4.8285778e+03 8.1392211e-23
4.8395225e+03 8.1575521e-23
4.8504919e+03 8.1759249e-23
4.8614863e+03 8.1943396e-23
4.8725055e+03 8.2127963e-23
4.8835498e+03 8.2312951e-23
4.8946190e+03 8.2498362e-23
4.9057134e+03 8.2684195e-23
4.9168329e+03 8.2870452e-23
4.9279776e+03 8.3057133e-23
4.9391476e+03 8.3244241e-23
4.9503429e+03 8.3431775e-23
4.9615635e+03 8.3619737e-23
4.9728096e+03 8.3808127e-23
4.9840812e+03 8.3996947e-23
4.9953784e+03 8.4186198e-23
5.0067011e+03 8.4375880e-23
5.0180495e+03 8.4565995e-23
5.0294236e+03 8.4756543e-23
5.0408236e+03 8.4947526e-23
5.0522493e+03 8.5138944e-23
5.0637010e+03 8.5330799e-23
5.0751786e+03 8.5523091e-23
5.0866822e+03 8.5715821e-23
5.0982119e+03 8.5908991e-23
5.1097677e+03 8.6102601e-23
5.1213497e+03 8.6296653e-23
5.1329580e+03 8.6491146e-23
5.1445926e+03 8.6686084e-23
5.1562535e+03 8.6881465e-23
5.1679409e+03 8.7077292e-23
5.1796548e+03 8.7273566e-23
5.1913953e+03 8.7470286e-23
5.2031623e+03 8.7667455e-23
5.2149560e+03 8.7865074e-23
5.2267765e+03 8.8063143e-23
5.2386237e+03 8.8261663e-23
5.2504978e+03 8.8460636e-23
5.2623988e+03 8.8660062e-23
5.2743268e+03 8.8859942e-23
5.2862818e+03 8.9060279e-23
5.2982639e+03 8.9261071e-23
5.3102732e+03 8.9462321e-23
5.3223097e+03 8.9664030e-23
5.3343735e+03 8.9866199e-23
5.3464646e+03 9.0068828e-23
5.3585831e+03 9.0271919e-23
5.3707291e+03 9.0475472e-23
5.3829027e+03 9.0679489e-23
5.3951038e+03 9.0883972e-23
5.4073326e+03 9.1088920e-23
5.4195891e+03 9.1294335e-23
5.4318733e+03 9.1500217e-23
5.4441855e+03 9.1706569e-23
5.4565255e+03 9.1913391e-23
5.4688935e+03 9.2120685e-23
5.4812895e+03 9.2328450e-23
5.4937136e+03 9.2536689e-23
5.5061659e+03 9.2745402e-23
5.5186465e+03 9.2954590e-23
5.5311553e+03 9.3164255e-23
5.5436924e+03 9.3374398e-23
5.5562580e+03 9.3585019e-23
5.5688521e+03 9.3796120e-23
5.5814747e+03 9.4007702e-23
5.5941259e+03 9.4219765e-23
5.6068058e+03 9.4432312e-23
5.6195144e+03 9.4645343e-23
5.6322518e+03 9.4858858e-23
5.6450181e+03 9.5072861e-23
5.6578134e+03 9.5287350e-23
5.6706376e+03 9.5502328e-23
5.6834909e+03 9.5717795e-23
5.6963734e+03 9.5933753e-23
5.7092850e+03 9.6150203e-23
5.7222260e+03 9.6367146e-23
5.7351962e+03 9.6584583e-23
5.7481959e+03 9.6802514e-23
5.7612250e+03 9.7020943e-23
5.7742836e+03 9.7239868e-23
5.7873719e+03 9.7459292e-23
5.8004898e+03 9.7679215e-23
5.8136374e+03 9.7899639e-23
5.8268149e+03 9.8120565e-23
5.8400222e+03 9.8341994e-23
5.8532594e+03 9.8563927e-23
5.8665267e+03 9.8786365e-23
5.8798240e+03 9.9009310e-23
5.8931515e+03 9.9232762e-23
5.9065091e+03 9.9456723e-23
5.9198971e+03 9.9681194e-23
5.9333154e+03 9.9906175e-23
5.9467641e+03 1.0013167e-22
5.9602433e+03 1.0035768e-22
5.9737530e+03 1.0058420e-22
5.9872934e+03 1.0081124e-22
6.0008645e+03 1.0103879e-22
6.0144663e+03 1.0126686e-22
6.0280989e+03 1.0149545e-22
6.0417625e+03 1.0172456e-22
6.0554570e+03 1.0195420e-22
6.0691826e+03 1.0218435e-22
6.0829393e+03 1.0241503e-22
6.0967271e+03 1.0264623e-22
6.1105462e+03 1.0287796e-22
6.1243967e+03 1.0311022e-22
6.1382785e+03 1.0334301e-22
6.1521918e+03 1.0357632e-22
6.1661366e+03 1.0381017e-22
6.1801130e+03 1.0404455e-22
6.1941211e+03 1.0427946e-22
6.2081610e+03 1.0451491e-22
6.2222327e+03 1.0475089e-22
6.2363363e+03 1.0498741e-22
6.2504718e+03 1.0522447e-22
6.2646394e+03 1.0546207e-22
6.2788391e+03 1.0570020e-22
6.2930710e+03 1.0593888e-22
6.3073352e+03 1.0617811e-22
6.3216317e+03 1.0641787e-22
6.3359605e+03 1.0665819e-22
6.3503219e+03 1.0689904e-22
6.3647158e+03 1.0714045e-22
6.3791424e+03 1.0738241e-22
6.3936016e+03 1.0762491e-22
6.4080936e+03 1.0786797e-22
6.4226185e+03 1.0811158e-22
6.4371763e+03 1.0835575e-22
6.4517671e+03 1.0860047e-22
6.4663909e+03 1.0884575e-22
6.4810479e+03 1.0909158e-22
6.4957382e+03 1.0933798e-22
6.5104617e+03 1.0958493e-22
6.5252186e+03 1.0983245e-22
6.5400089e+03 1.1008053e-22
6.5548328e+03 1.1032918e-22
6.5696903e+03 1.1057839e-22
6.5845814e+03 1.1082816e-22
6.5995063e+03 1.1107851e-22
6.6144650e+03 1.1132942e-22
6.6294577e+03 1.1158091e-22
6.6444843e+03 1.1183296e-22
6.6595450e+03 1.1208559e-22
6.6746398e+03 1.1233880e-22
6.6897688e+03 1.1259258e-22
6.7049321e+03 1.1284694e-22
6.7201298e+03 1.1310187e-22
6.7353620e+03 1.1335739e-22
6.7506286e+03 1.1361349e-22
6.7659299e+03 1.1387017e-22
6.7812659e+03 1.1412743e-22
6.7966366e+03 1.1438528e-22
6.8120421e+03 1.1464371e-22
6.8274826e+03 1.1490274e-22
6.8429581e+03 1.1516235e-22
6.8584686e+03 1.1542255e-22
6.8740143e+03 1.1568334e-22
6.8895953e+03 1.1594473e-22
6.9052115e+03 1.1620671e-22
6.9208632e+03 1.1646928e-22
6.9365503e+03 1.1673246e-22
6.9522730e+03 1.1699623e-22
6.9680313e+03 1.1726060e-22
6.9838254e+03 1.1752557e-22
6.9996552e+03 1.1779115e-22
7.0155209e+03 1.1805733e-22
7.0314226e+03 1.1832411e-22
7.0473604e+03 1.1859150e-22
7.0633342e+03 1.1885950e-22
7.0793443e+03 1.1912811e-22
7.0953906e+03 1.1939733e-22
7.1114734e+03 1.1966716e-22
7.1275925e+03 1.1993760e-22
7.1437482e+03 1.2020866e-22
7.1599406e+03 1.2048033e-22
7.1761696e+03 1.2075263e-22
7.1924354e+03 1.2102554e-22
7.2087381e+03 1.2129907e-22
7.2250778e+03 1.2157322e-22
7.2414544e+03 1.2184800e-22
7.2578682e+03 1.2212340e-22
7.2743192e+03 1.2239943e-22
7.2908075e+03 1.2267608e-22
7.3073332e+03 1.2295337e-22
7.3238963e+03 1.2323128e-22
7.3404970e+03 1.2350983e-22
7.3571353e+03 1.2378901e-22
7.3738113e+03 1.2406882e-22
7.3905251e+03 1.2434927e-22
7.4072768e+03 1.2463036e-22
7.4240664e+03 1.2491208e-22
7.4408941e+03 1.2519445e-22
7.4577600e+03 1.2547745e-22
7.4746641e+03 1.2576111e-22
7.4916065e+03 1.2604540e-22
7.5085873e+03 1.2633034e-22
7.5256066e+03 1.2661593e-22
7.5426644e+03 1.2690217e-22
7.5597610e+03 1.2718906e-22
7.5768963e+03 1.2747660e-22
7.5940704e+03 1.2776479e-22
7.6112834e+03 1.2805364e-22
7.6285355e+03 1.2834315e-22
7.6458267e+03 1.2863331e-22
7.6631570e+03 1.2892414e-22
7.6805267e+03 1.2921562e-22
7.6979357e+03 1.2950776e-22
7.7153842e+03 1.2980057e-22
7.7328722e+03 1.3009405e-22
7.7503999e+03 1.3038819e-22
7.7679673e+03 1.3068300e-22
7.7855745e+03 1.3097848e-22
7.8032216e+03 1.3127464e-22
7.8209087e+03 1.3157146e-22
7.8386359e+03 1.3186896e-22
7.8564033e+03 1.3216713e-22
7.8742110e+03 1.3246599e-22
7.8920590e+03 1.3276552e-22
7.9099475e+03 1.3306573e-22
7.9278766e+03 1.3336663e-22
7.9458462e+03 1.3366820e-22
7.9638566e+03 1.3397047e-22
7.9819079e+03 1.3427342e-22
8.0000000e+03 1.3457706e-22
8192.00000000 1.3457706e-22
