# Early Virgo ASD (2015+)
1.0000000e+01 5.0022139e-20
1.0023060e+01 4.9563469e-20
1.0046173e+01 4.9109005e-20
1.0069340e+01 4.8658708e-20
1.0092560e+01 4.8212542e-20
1.0115833e+01 4.7770468e-20
1.0139161e+01 4.7332448e-20
1.0162542e+01 4.6898446e-20
1.0185976e+01 4.6468424e-20
1.0209465e+01 4.6042345e-20
1.0233008e+01 4.5620175e-20
1.0256606e+01 4.5201876e-20
1.0280258e+01 4.4787414e-20
1.0303964e+01 4.4376753e-20
1.0327725e+01 4.3969858e-20
1.0351541e+01 4.3566695e-20
1.0375412e+01 4.3167229e-20
1.0399337e+01 4.2771427e-20
1.0423318e+01 4.2379256e-20
1.0447355e+01 4.1990680e-20
1.0471446e+01 4.1605669e-20
1.0495594e+01 4.1224189e-20
1.0519796e+01 4.0846207e-20
1.0544055e+01 4.0471692e-20
1.0568370e+01 4.0100612e-20
1.0592741e+01 3.9732935e-20
1.0617168e+01 3.9368630e-20
1.0641651e+01 3.9007666e-20
1.0666191e+01 3.8650013e-20
1.0690787e+01 3.8295640e-20
1.0715440e+01 3.7944517e-20
1.0740150e+01 3.7596614e-20
1.0764917e+01 3.7251902e-20
1.0789741e+01 3.6910351e-20
1.0814622e+01 3.6571933e-20
1.0839560e+01 3.6236619e-20
1.0864557e+01 3.5904380e-20
1.0889610e+01 3.5575187e-20
1.0914722e+01 3.5249014e-20
1.0939891e+01 3.4925833e-20
1.0965119e+01 3.4605615e-20
1.0990404e+01 3.4288334e-20
1.1015748e+01 3.3973963e-20
1.1041151e+01 3.3662476e-20
1.1066612e+01 3.3353845e-20
1.1092131e+01 3.3048044e-20
1.1117710e+01 3.2745048e-20
1.1143347e+01 3.2444831e-20
1.1169044e+01 3.2147367e-20
1.1194800e+01 3.1852632e-20
1.1220615e+01 3.1560599e-20
1.1246490e+01 3.1271245e-20
1.1272425e+01 3.0984544e-20
1.1298419e+01 3.0700473e-20
1.1324473e+01 3.0419008e-20
1.1350587e+01 3.0140123e-20
1.1376762e+01 2.9863796e-20
1.1402997e+01 2.9590004e-20
1.1429292e+01 2.9318723e-20
1.1455648e+01 2.9049929e-20
1.1482065e+01 2.8783601e-20
1.1508543e+01 2.8519715e-20
1.1535082e+01 2.8258250e-20
1.1561682e+01 2.7999182e-20
1.1588343e+01 2.7742490e-20
1.1615066e+01 2.7488153e-20
1.1641850e+01 2.7236148e-20
1.1668696e+01 2.6986454e-20
1.1695605e+01 2.6739051e-20
1.1722575e+01 2.6493916e-20
1.1749607e+01 2.6251030e-20
1.1776702e+01 2.6010371e-20
1.1803859e+01 2.5771919e-20
1.1831079e+01 2.5535654e-20
1.1858361e+01 2.5301556e-20
1.1885707e+01 2.5069605e-20
1.1913115e+01 2.4839781e-20
1.1940587e+01 2.4612065e-20
1.1968122e+01 2.4386437e-20
1.1995721e+01 2.4162879e-20
1.2023383e+01 2.3941371e-20
1.2051109e+01 2.3721895e-20
1.2078899e+01 2.3504431e-20
1.2106753e+01 2.3288962e-20
1.2134671e+01 2.3075469e-20
1.2162654e+01 2.2863933e-20
1.2190701e+01 2.2654338e-20
1.2218813e+01 2.2446666e-20
1.2246989e+01 2.2240897e-20
1.2275231e+01 2.2037016e-20
1.2303538e+01 2.1835005e-20
1.2331910e+01 2.1634846e-20
1.2360347e+01 2.1436524e-20
1.2388850e+01 2.1240020e-20
1.2417419e+01 2.1045318e-20
1.2446054e+01 2.0852402e-20
1.2474755e+01 2.0661255e-20
1.2503521e+01 2.0471861e-20
1.2532355e+01 2.0284204e-20
1.2561254e+01 2.0098268e-20
1.2590221e+01 1.9914038e-20
1.2619254e+01 1.9731497e-20
1.2648354e+01 1.9550630e-20
1.2677521e+01 1.9371422e-20
1.2706756e+01 1.9193858e-20
1.2736058e+01 1.9017922e-20
1.2765427e+01 1.8843600e-20
1.2794864e+01 1.8670876e-20
1.2824369e+01 1.8499736e-20
1.2853942e+01 1.8330167e-20
1.2883584e+01 1.8162152e-20
1.2913293e+01 1.7995678e-20
1.2943071e+01 1.7830731e-20
1.2972918e+01 1.7667296e-20
1.3002834e+01 1.7505361e-20
1.3032818e+01 1.7344911e-20
1.3062872e+01 1.7185932e-20
1.3092995e+01 1.7028411e-20
1.3123188e+01 1.6872335e-20
1.3153450e+01 1.6717691e-20
1.3183782e+01 1.6564465e-20
1.3214184e+01 1.6412644e-20
1.3244656e+01 1.6262215e-20
1.3275198e+01 1.6113166e-20
1.3305811e+01 1.5965484e-20
1.3336494e+01 1.5819157e-20
1.3367248e+01 1.5674171e-20
1.3398073e+01 1.5530515e-20
1.3428969e+01 1.5388177e-20
1.3459937e+01 1.5247144e-20
1.3490975e+01 1.5107405e-20
1.3522086e+01 1.4968947e-20
1.3553268e+01 1.4831760e-20
1.3584522e+01 1.4695830e-20
1.3615848e+01 1.4561147e-20
1.3647246e+01 1.4427699e-20
1.3678716e+01 1.4295475e-20
1.3710260e+01 1.4164464e-20
1.3741876e+01 1.4034655e-20
1.3773565e+01 1.3906036e-20
1.3805326e+01 1.3778597e-20
1.3837162e+01 1.3652326e-20
1.3869070e+01 1.3527214e-20
1.3901052e+01 1.3403249e-20
1.3933108e+01 1.3280421e-20
1.3965238e+01 1.3158719e-20
1.3997442e+01 1.3038134e-20
1.4029720e+01 1.2918655e-20
1.4062073e+01 1.2800272e-20
1.4094500e+01 1.2682974e-20
1.4127002e+01 1.2566753e-20
1.4159579e+01 1.2451597e-20
1.4192231e+01 1.2337497e-20
1.4224959e+01 1.2224444e-20
1.4257762e+01 1.2112428e-20
1.4290640e+01 1.2001440e-20
1.4323594e+01 1.1891469e-20
1.4356625e+01 1.1782507e-20
1.4389731e+01 1.1674545e-20
1.4422914e+01 1.1567573e-20
1.4456173e+01 1.1461582e-20
1.4489510e+01 1.1356563e-20
1.4522922e+01 1.1252507e-20
1.4556412e+01 1.1149406e-20
1.4589980e+01 1.1047251e-20
1.4623624e+01 1.0946033e-20
1.4657346e+01 1.0845743e-20
1.4691146e+01 1.0746374e-20
1.4725024e+01 1.0647916e-20
1.4758980e+01 1.0550361e-20
1.4793015e+01 1.0453701e-20
1.4827127e+01 1.0357928e-20
1.4861319e+01 1.0263034e-20
1.4895589e+01 1.0169010e-20
1.4929939e+01 1.0075849e-20
1.4964367e+01 9.9835424e-21
1.4998875e+01 9.8920830e-21
1.5033463e+01 9.8014629e-21
1.5068130e+01 9.7116744e-21
1.5102877e+01 9.6227098e-21
1.5137704e+01 9.5345618e-21
1.5172612e+01 9.4472228e-21
1.5207600e+01 9.3606854e-21
1.5242669e+01 9.2749425e-21
1.5277819e+01 9.1899867e-21
1.5313050e+01 9.1058109e-21
1.5348362e+01 9.0224081e-21
1.5383755e+01 8.9397712e-21
1.5419230e+01 8.8578934e-21
1.5454787e+01 8.7767678e-21
1.5490426e+01 8.6963876e-21
1.5526147e+01 8.6167462e-21
1.5561950e+01 8.5378369e-21
1.5597836e+01 8.4596533e-21
1.5633805e+01 8.3821890e-21
1.5669857e+01 8.3054376e-21
1.5705991e+01 8.2293928e-21
1.5742210e+01 8.1540487e-21
1.5778511e+01 8.0793992e-21
1.5814897e+01 8.0054385e-21
1.5851366e+01 7.9321609e-21
1.5887919e+01 7.8595608e-21
1.5924557e+01 7.7876330e-21
1.5961279e+01 7.7163723e-21
1.5998086e+01 7.6457740e-21
1.6034978e+01 7.5758337e-21
1.6071954e+01 7.5065474e-21
1.6109016e+01 7.4379117e-21
1.6146164e+01 7.3699239e-21
1.6183397e+01 7.3025824e-21
1.6220716e+01 7.2358869e-21
1.6258121e+01 7.1698388e-21
1.6295613e+01 7.1044424e-21
1.6333190e+01 7.0397057e-21
1.6370855e+01 6.9756423e-21
1.6408606e+01 6.9122747e-21
1.6446445e+01 6.8496396e-21
1.6484370e+01 6.7877970e-21
1.6522383e+01 6.7268480e-21
1.6560484e+01 6.6669697e-21
1.6598673e+01 6.6084919e-21
1.6636949e+01 6.5520792e-21
1.6675314e+01 6.4992316e-21
1.6713768e+01 6.4539348e-21
1.6752310e+01 6.4298822e-21
1.6790941e+01 6.5026252e-21
1.6829661e+01 8.2710753e-21
1.6868470e+01 7.2736135e-21
1.6907369e+01 6.2895832e-21
1.6946357e+01 6.1344521e-21
1.6985436e+01 6.0499234e-21
1.7024604e+01 5.9826190e-21
1.7063863e+01 5.9217593e-21
1.7103213e+01 5.8640298e-21
1.7142653e+01 5.8081368e-21
1.7182184e+01 5.7534894e-21
1.7221806e+01 5.6997855e-21
1.7261520e+01 5.6468566e-21
1.7301325e+01 5.5946016e-21
1.7341222e+01 5.5429564e-21
1.7381211e+01 5.4918782e-21
1.7421292e+01 5.4413367e-21
1.7461466e+01 5.3913099e-21
1.7501732e+01 5.3417810e-21
1.7542091e+01 5.2927366e-21
1.7582543e+01 5.2441659e-21
1.7623089e+01 5.1960598e-21
1.7663728e+01 5.1484102e-21
1.7704460e+01 5.1012101e-21
1.7745287e+01 5.0544533e-21
1.7786208e+01 5.0081339e-21
1.7827223e+01 4.9622464e-21
1.7868333e+01 4.9167859e-21
1.7909537e+01 4.8717475e-21
1.7950837e+01 4.8271265e-21
1.7992231e+01 4.7829185e-21
1.8033722e+01 4.7391193e-21
1.8075308e+01 4.6957245e-21
1.8116989e+01 4.6527303e-21
1.8158767e+01 4.6101325e-21
1.8200642e+01 4.5679272e-21
1.8242612e+01 4.5261108e-21
1.8284680e+01 4.4846793e-21
1.8326845e+01 4.4436291e-21
1.8369106e+01 4.4029566e-21
1.8411466e+01 4.3626581e-21
1.8453923e+01 4.3227302e-21
1.8496478e+01 4.2831694e-21
1.8539131e+01 4.2439721e-21
1.8581882e+01 4.2051350e-21
1.8624732e+01 4.1666547e-21
1.8667681e+01 4.1285279e-21
1.8710728e+01 4.0907512e-21
1.8753876e+01 4.0533215e-21
1.8797122e+01 4.0162356e-21
1.8840468e+01 3.9794901e-21
1.8883915e+01 3.9430820e-21
1.8927461e+01 3.9070081e-21
1.8971108e+01 3.8712654e-21
1.9014856e+01 3.8358508e-21
1.9058704e+01 3.8007613e-21
1.9102653e+01 3.7659937e-21
1.9146704e+01 3.7315453e-21
1.9190857e+01 3.6974131e-21
1.9235111e+01 3.6635940e-21
1.9279467e+01 3.6300853e-21
1.9323926e+01 3.5968841e-21
1.9368487e+01 3.5639875e-21
1.9413151e+01 3.5313928e-21
1.9457918e+01 3.4990971e-21
1.9502788e+01 3.4670978e-21
1.9547762e+01 3.4353921e-21
1.9592839e+01 3.4039772e-21
1.9638020e+01 3.3728506e-21
1.9683305e+01 3.3420095e-21
1.9728695e+01 3.3114514e-21
1.9774190e+01 3.2811737e-21
1.9819789e+01 3.2511737e-21
1.9865494e+01 3.2214489e-21
1.9911304e+01 3.1919968e-21
1.9957219e+01 3.1628149e-21
2.0003241e+01 3.1339007e-21
2.0049369e+01 3.1052517e-21
2.0095603e+01 3.0768655e-21
2.0141943e+01 3.0487398e-21
2.0188391e+01 3.0208720e-21
2.0234945e+01 2.9932599e-21
2.0281607e+01 2.9659010e-21
2.0328377e+01 2.9387932e-21
2.0375254e+01 2.9119339e-21
2.0422240e+01 2.8853211e-21
2.0469333e+01 2.8589524e-21
2.0516536e+01 2.8328255e-21
2.0563847e+01 2.8069383e-21
2.0611268e+01 2.7812886e-21
2.0658797e+01 2.7558741e-21
2.0706437e+01 2.7306928e-21
2.0754186e+01 2.7057424e-21
2.0802045e+01 2.6810209e-21
2.0850015e+01 2.6565261e-21
2.0898095e+01 2.6322561e-21
2.0946286e+01 2.6082086e-21
2.0994589e+01 2.5843817e-21
2.1043002e+01 2.5607734e-21
2.1091528e+01 2.5373816e-21
2.1140165e+01 2.5142044e-21
2.1188914e+01 2.4912398e-21
2.1237776e+01 2.4684858e-21
2.1286750e+01 2.4459405e-21
2.1335838e+01 2.4236020e-21
2.1385039e+01 2.4014684e-21
2.1434353e+01 2.3795378e-21
2.1483780e+01 2.3578083e-21
2.1533322e+01 2.3362782e-21
2.1582978e+01 2.3149456e-21
2.1632749e+01 2.2938086e-21
2.1682634e+01 2.2728655e-21
2.1732634e+01 2.2521145e-21
2.1782750e+01 2.2315538e-21
2.1832981e+01 2.2111817e-21
2.1883328e+01 2.1909965e-21
2.1933791e+01 2.1709964e-21
2.1984371e+01 2.1511798e-21
2.2035067e+01 2.1315449e-21
2.2085880e+01 2.1120901e-21
2.2136810e+01 2.0928138e-21
2.2187858e+01 2.0737143e-21
2.2239023e+01 2.0547899e-21
2.2290306e+01 2.0360391e-21
2.2341708e+01 2.0174604e-21
2.2393228e+01 1.9990520e-21
2.2444867e+01 1.9808125e-21
2.2496625e+01 1.9627403e-21
2.2548503e+01 1.9448338e-21
2.2600500e+01 1.9270916e-21
2.2652617e+01 1.9095121e-21
2.2704854e+01 1.8920939e-21
2.2757211e+01 1.8748354e-21
2.2809689e+01 1.8577352e-21
2.2862289e+01 1.8407919e-21
2.2915009e+01 1.8240040e-21
2.2967852e+01 1.8073701e-21
2.3020816e+01 1.7908887e-21
2.3073902e+01 1.7745585e-21
2.3127110e+01 1.7583781e-21
2.3180442e+01 1.7423461e-21
2.3233896e+01 1.7264612e-21
2.3287474e+01 1.7107220e-21
2.3341175e+01 1.6951271e-21
2.3395000e+01 1.6796753e-21
2.3448949e+01 1.6643652e-21
2.3503022e+01 1.6491956e-21
2.3557220e+01 1.6341650e-21
2.3611543e+01 1.6192724e-21
2.3665992e+01 1.6045164e-21
2.3720566e+01 1.5898957e-21
2.3775265e+01 1.5754091e-21
2.3830091e+01 1.5610554e-21
2.3885044e+01 1.5468333e-21
2.3940123e+01 1.5327418e-21
2.3995329e+01 1.5187794e-21
2.4050662e+01 1.5049452e-21
2.4106123e+01 1.4912378e-21
2.4161712e+01 1.4776562e-21
2.4217429e+01 1.4641991e-21
2.4273275e+01 1.4508655e-21
2.4329249e+01 1.4376542e-21
2.4385353e+01 1.4245641e-21
2.4441586e+01 1.4115941e-21
2.4497948e+01 1.3987430e-21
2.4554441e+01 1.3860098e-21
2.4611063e+01 1.3733934e-21
2.4667817e+01 1.3608927e-21
2.4724701e+01 1.3485068e-21
2.4781716e+01 1.3362344e-21
2.4838863e+01 1.3240746e-21
2.4896142e+01 1.3120263e-21
2.4953552e+01 1.3000886e-21
2.5011095e+01 1.2882604e-21
2.5068771e+01 1.2765406e-21
2.5126580e+01 1.2649284e-21
2.5184522e+01 1.2534227e-21
2.5242598e+01 1.2420226e-21
2.5300807e+01 1.2307270e-21
2.5359151e+01 1.2195350e-21
2.5417630e+01 1.2084457e-21
2.5476243e+01 1.1974582e-21
2.5534991e+01 1.1865714e-21
2.5593875e+01 1.1757845e-21
2.5652895e+01 1.1650965e-21
2.5712050e+01 1.1545066e-21
2.5771343e+01 1.1440139e-21
2.5830772e+01 1.1336174e-21
2.5890338e+01 1.1233163e-21
2.5950041e+01 1.1131096e-21
2.6009882e+01 1.1029967e-21
2.6069861e+01 1.0929764e-21
2.6129978e+01 1.0830481e-21
2.6190234e+01 1.0732109e-21
2.6250629e+01 1.0634640e-21
2.6311163e+01 1.0538064e-21
2.6371837e+01 1.0442375e-21
2.6432650e+01 1.0347563e-21
2.6493604e+01 1.0253622e-21
2.6554699e+01 1.0160542e-21
2.6615934e+01 1.0068316e-21
2.6677311e+01 9.9769357e-22
2.6738829e+01 9.8863942e-22
2.6800489e+01 9.7966834e-22
2.6862291e+01 9.7077956e-22
2.6924236e+01 9.6197233e-22
2.6986323e+01 9.5324590e-22
2.7048554e+01 9.4459954e-22
2.7110928e+01 9.3603250e-22
2.7173446e+01 9.2754407e-22
2.7236108e+01 9.1913351e-22
2.7298915e+01 9.1080013e-22
2.7361866e+01 9.0254320e-22
2.7424963e+01 8.9436203e-22
2.7488205e+01 8.8625592e-22
2.7551593e+01 8.7822419e-22
2.7615127e+01 8.7026615e-22
2.7678808e+01 8.6238113e-22
2.7742636e+01 8.5456845e-22
2.7806610e+01 8.4682747e-22
2.7870732e+01 8.3915751e-22
2.7935003e+01 8.3155793e-22
2.7999421e+01 8.2402808e-22
2.8063988e+01 8.1656732e-22
2.8128704e+01 8.0917502e-22
2.8193569e+01 8.0185056e-22
2.8258583e+01 7.9459330e-22
2.8323748e+01 7.8740264e-22
2.8389062e+01 7.8027796e-22
2.8454528e+01 7.7321866e-22
2.8520144e+01 7.6622414e-22
2.8585912e+01 7.5929381e-22
2.8651831e+01 7.5242707e-22
2.8717903e+01 7.4562335e-22
2.8784126e+01 7.3888206e-22
2.8850503e+01 7.3220264e-22
2.8917032e+01 7.2558451e-22
2.8983715e+01 7.1902712e-22
2.9050552e+01 7.1252991e-22
2.9117543e+01 7.0609233e-22
2.9184688e+01 6.9971383e-22
2.9251988e+01 6.9339387e-22
2.9319443e+01 6.8713191e-22
2.9387054e+01 6.8092742e-22
2.9454821e+01 6.7477988e-22
2.9522744e+01 6.6868876e-22
2.9590824e+01 6.6265354e-22
2.9659060e+01 6.5667372e-22
2.9727454e+01 6.5074878e-22
2.9796006e+01 6.4487823e-22
2.9864716e+01 6.3906156e-22
2.9933584e+01 6.3329828e-22
3.0002611e+01 6.2758791e-22
3.0071797e+01 6.2192994e-22
3.0141143e+01 6.1632392e-22
3.0210649e+01 6.1076935e-22
3.0280315e+01 6.0526578e-22
3.0350142e+01 5.9981272e-22
3.0420129e+01 5.9440973e-22
3.0490278e+01 5.8905633e-22
3.0560589e+01 5.8375208e-22
3.0631062e+01 5.7849652e-22
3.0701697e+01 5.7328922e-22
3.0772496e+01 5.6812972e-22
3.0843457e+01 5.6301758e-22
3.0914583e+01 5.5795239e-22
3.0985872e+01 5.5293370e-22
3.1057326e+01 5.4796108e-22
3.1128944e+01 5.4303413e-22
3.1200728e+01 5.3815241e-22
3.1272677e+01 5.3331551e-22
3.1344792e+01 5.2852303e-22
3.1417073e+01 5.2377456e-22
3.1489521e+01 5.1906968e-22
3.1562136e+01 5.1440802e-22
3.1634919e+01 5.0978916e-22
3.1707869e+01 5.0521271e-22
3.1780988e+01 5.0067829e-22
3.1854275e+01 4.9618552e-22
3.1927731e+01 4.9173401e-22
3.2001357e+01 4.8732338e-22
3.2075152e+01 4.8295325e-22
3.2149118e+01 4.7862327e-22
3.2223254e+01 4.7433306e-22
3.2297561e+01 4.7008225e-22
3.2372039e+01 4.6587049e-22
3.2446689e+01 4.6169741e-22
3.2521512e+01 4.5756267e-22
3.2596506e+01 4.5346591e-22
3.2671674e+01 4.4940678e-22
3.2747015e+01 4.4538494e-22
3.2822530e+01 4.4140005e-22
3.2898219e+01 4.3745177e-22
3.2974083e+01 4.3353977e-22
3.3050121e+01 4.2966371e-22
3.3126335e+01 4.2582326e-22
3.3202725e+01 4.2201809e-22
3.3279290e+01 4.1824790e-22
3.3356033e+01 4.1451234e-22
3.3432952e+01 4.1081112e-22
3.3510049e+01 4.0714390e-22
3.3587323e+01 4.0351039e-22
3.3664776e+01 3.9991027e-22
3.3742407e+01 3.9634324e-22
3.3820217e+01 3.9280899e-22
3.3898207e+01 3.8930723e-22
3.3976376e+01 3.8583765e-22
3.4054726e+01 3.8239997e-22
3.4133257e+01 3.7899388e-22
3.4211968e+01 3.7561911e-22
3.4290861e+01 3.7227536e-22
3.4369936e+01 3.6896235e-22
3.4449194e+01 3.6567981e-22
3.4528634e+01 3.6242744e-22
3.4608257e+01 3.5920498e-22
3.4688064e+01 3.5601215e-22
3.4768055e+01 3.5284868e-22
3.4848230e+01 3.4971430e-22
3.4928590e+01 3.4660874e-22
3.5009136e+01 3.4353175e-22
3.5089867e+01 3.4048305e-22
3.5170785e+01 3.3746240e-22
3.5251889e+01 3.3446953e-22
3.5333180e+01 3.3150420e-22
3.5414659e+01 3.2856614e-22
3.5496325e+01 3.2565511e-22
3.5578180e+01 3.2277087e-22
3.5660224e+01 3.1991316e-22
3.5742456e+01 3.1708174e-22
3.5824879e+01 3.1427638e-22
3.5907491e+01 3.1149684e-22
3.5990294e+01 3.0874287e-22
3.6073288e+01 3.0601426e-22
3.6156473e+01 3.0331075e-22
3.6239850e+01 3.0063213e-22
3.6323420e+01 2.9797817e-22
3.6407182e+01 2.9534864e-22
3.6491137e+01 2.9274332e-22
3.6575286e+01 2.9016198e-22
3.6659629e+01 2.8760442e-22
3.6744166e+01 2.8507040e-22
3.6828898e+01 2.8255972e-22
3.6913826e+01 2.8007216e-22
3.6998950e+01 2.7760752e-22
3.7084270e+01 2.7516557e-22
3.7169786e+01 2.7274612e-22
3.7255500e+01 2.7034896e-22
3.7341412e+01 2.6797388e-22
3.7427521e+01 2.6562069e-22
3.7513829e+01 2.6328918e-22
3.7600336e+01 2.6097915e-22
3.7687043e+01 2.5869042e-22
3.7773950e+01 2.5642278e-22
3.7861057e+01 2.5417604e-22
3.7948365e+01 2.5195001e-22
3.8035874e+01 2.4974451e-22
3.8123585e+01 2.4755934e-22
3.8211498e+01 2.4539432e-22
3.8299614e+01 2.4324926e-22
3.8387933e+01 2.4112399e-22
3.8476456e+01 2.3901832e-22
3.8565183e+01 2.3693208e-22
3.8654115e+01 2.3486508e-22
3.8743251e+01 2.3281715e-22
3.8832594e+01 2.3078812e-22
3.8922142e+01 2.2877781e-22
3.9011897e+01 2.2678606e-22
3.9101858e+01 2.2481269e-22
3.9192028e+01 2.2285754e-22
3.9282405e+01 2.2092044e-22
3.9372990e+01 2.1900122e-22
3.9463785e+01 2.1709973e-22
3.9554788e+01 2.1521580e-22
3.9646002e+01 2.1334927e-22
3.9737426e+01 2.1149998e-22
3.9829061e+01 2.0966777e-22
3.9920907e+01 2.0785250e-22
4.0012965e+01 2.0605400e-22
4.0105235e+01 2.0427213e-22
4.0197718e+01 2.0250672e-22
4.0290414e+01 2.0075764e-22
4.0383324e+01 1.9902473e-22
4.0476449e+01 1.9730784e-22
4.0569788e+01 1.9560683e-22
4.0663342e+01 1.9392156e-22
4.0757112e+01 1.9225188e-22
4.0851098e+01 1.9059764e-22
4.0945301e+01 1.8895872e-22
4.1039721e+01 1.8733496e-22
4.1134359e+01 1.8572623e-22
4.1229215e+01 1.8413240e-22
4.1324290e+01 1.8255333e-22
4.1419584e+01 1.8098888e-22
4.1515098e+01 1.7943892e-22
4.1610832e+01 1.7790333e-22
4.1706787e+01 1.7638196e-22
4.1802963e+01 1.7487469e-22
4.1899361e+01 1.7338139e-22
4.1995982e+01 1.7190193e-22
4.2092825e+01 1.7043620e-22
4.2189891e+01 1.6898405e-22
4.2287181e+01 1.6754538e-22
4.2384696e+01 1.6612005e-22
4.2482435e+01 1.6470795e-22
4.2580400e+01 1.6330896e-22
4.2678591e+01 1.6192295e-22
4.2777008e+01 1.6054982e-22
4.2875652e+01 1.5918943e-22
4.2974524e+01 1.5784168e-22
4.3073623e+01 1.5650645e-22
4.3172951e+01 1.5518363e-22
4.3272508e+01 1.5387311e-22
4.3372295e+01 1.5257476e-22
4.3472312e+01 1.5128850e-22
4.3572559e+01 1.5001419e-22
4.3673038e+01 1.4875174e-22
4.3773748e+01 1.4750104e-22
4.3874691e+01 1.4626197e-22
4.3975866e+01 1.4503445e-22
4.4077275e+01 1.4381835e-22
4.4178918e+01 1.4261358e-22
4.4280795e+01 1.4142003e-22
4.4382906e+01 1.4023761e-22
4.4485254e+01 1.3906621e-22
4.4587837e+01 1.3790573e-22
4.4690657e+01 1.3675607e-22
4.4793714e+01 1.3561714e-22
4.4897009e+01 1.3448883e-22
4.5000541e+01 1.3337106e-22
4.5104313e+01 1.3226372e-22
4.5208324e+01 1.3116673e-22
4.5312575e+01 1.3007998e-22
4.5417066e+01 1.2900339e-22
4.5521798e+01 1.2793686e-22
4.5626772e+01 1.2688030e-22
4.5731987e+01 1.2583363e-22
4.5837446e+01 1.2479675e-22
4.5943147e+01 1.2376957e-22
4.6049092e+01 1.2275201e-22
4.6155282e+01 1.2174398e-22
4.6261716e+01 1.2074539e-22
4.6368396e+01 1.1975616e-22
4.6475322e+01 1.1877620e-22
4.6582494e+01 1.1780543e-22
4.6689914e+01 1.1684377e-22
4.6797581e+01 1.1589114e-22
4.6905497e+01 1.1494744e-22
4.7013661e+01 1.1401261e-22
4.7122075e+01 1.1308656e-22
4.7230739e+01 1.1216922e-22
4.7339654e+01 1.1126049e-22
4.7448819e+01 1.1036032e-22
4.7558236e+01 1.0946861e-22
4.7667906e+01 1.0858530e-22
4.7777829e+01 1.0771031e-22
4.7888005e+01 1.0684355e-22
4.7998435e+01 1.0598497e-22
4.8109120e+01 1.0513448e-22
4.8220060e+01 1.0429201e-22
4.8331255e+01 1.0345749e-22
4.8442708e+01 1.0263085e-22
4.8554417e+01 1.0181202e-22
4.8666384e+01 1.0100092e-22
4.8778609e+01 1.0019749e-22
4.8891093e+01 9.9401652e-23
4.9003836e+01 9.8613347e-23
4.9116839e+01 9.7832504e-23
4.9230103e+01 9.7059055e-23
4.9343628e+01 9.6292934e-23
4.9457415e+01 9.5534076e-23
4.9571464e+01 9.4782413e-23
4.9685776e+01 9.4037883e-23
4.9800352e+01 9.3300420e-23
4.9915192e+01 9.2569962e-23
5.0030297e+01 9.1846445e-23
5.0145667e+01 9.1129807e-23
5.0261303e+01 9.0419986e-23
5.0377206e+01 8.9716921e-23
5.0493376e+01 8.9020551e-23
5.0609814e+01 8.8330816e-23
5.0726521e+01 8.7647656e-23
5.0843497e+01 8.6971012e-23
5.0960742e+01 8.6300827e-23
5.1078258e+01 8.5637041e-23
5.1196045e+01 8.4979598e-23
5.1314103e+01 8.4328440e-23
5.1432434e+01 8.3683511e-23
5.1551038e+01 8.3044755e-23
5.1669915e+01 8.2412117e-23
5.1789066e+01 8.1785542e-23
5.1908492e+01 8.1164975e-23
5.2028193e+01 8.0550363e-23
5.2148171e+01 7.9941652e-23
5.2268425e+01 7.9338789e-23
5.2388956e+01 7.8741722e-23
5.2509766e+01 7.8150399e-23
5.2630854e+01 7.7564768e-23
5.2752221e+01 7.6984778e-23
5.2873868e+01 7.6410379e-23
5.2995795e+01 7.5841520e-23
5.3118004e+01 7.5278152e-23
5.3240495e+01 7.4720226e-23
5.3363268e+01 7.4167693e-23
5.3486324e+01 7.3620504e-23
5.3609663e+01 7.3078612e-23
5.3733288e+01 7.2541969e-23
5.3857197e+01 7.2010528e-23
5.3981392e+01 7.1484242e-23
5.4105874e+01 7.0963065e-23
5.4230642e+01 7.0446952e-23
5.4355699e+01 6.9935857e-23
5.4481043e+01 6.9429735e-23
5.4606677e+01 6.8928541e-23
5.4732600e+01 6.8432232e-23
5.4858814e+01 6.7940763e-23
5.4985319e+01 6.7454091e-23
5.5112116e+01 6.6972173e-23
5.5239205e+01 6.6494966e-23
5.5366587e+01 6.6022429e-23
5.5494262e+01 6.5554519e-23
5.5622233e+01 6.5091194e-23
5.5750498e+01 6.4632414e-23
5.5879059e+01 6.4178138e-23
5.6007916e+01 6.3728325e-23
5.6137071e+01 6.3282936e-23
5.6266524e+01 6.2841930e-23
5.6396275e+01 6.2405268e-23
5.6526325e+01 6.1972912e-23
5.6656675e+01 6.1544822e-23
5.6787326e+01 6.1120960e-23
5.6918278e+01 6.0701289e-23
5.7049532e+01 6.0285770e-23
5.7181088e+01 5.9874366e-23
5.7312948e+01 5.9467041e-23
5.7445113e+01 5.9063757e-23
5.7577581e+01 5.8664478e-23
5.7710356e+01 5.8269168e-23
5.7843436e+01 5.7877791e-23
5.7976824e+01 5.7490313e-23
5.8110519e+01 5.7106697e-23
5.8244522e+01 5.6726909e-23
5.8378834e+01 5.6350914e-23
5.8513456e+01 5.5978679e-23
5.8648389e+01 5.5610169e-23
5.8783632e+01 5.5245351e-23
5.8919188e+01 5.4884191e-23
5.9055056e+01 5.4526656e-23
5.9191237e+01 5.4172714e-23
5.9327733e+01 5.3822332e-23
5.9464543e+01 5.3475477e-23
5.9601669e+01 5.3132119e-23
5.9739111e+01 5.2792224e-23
5.9876870e+01 5.2455762e-23
6.0014946e+01 5.2122702e-23
6.0153341e+01 5.1793013e-23
6.0292055e+01 5.1466664e-23
6.0431089e+01 5.1143625e-23
6.0570443e+01 5.0823865e-23
6.0710119e+01 5.0507355e-23
6.0850117e+01 5.0194066e-23
6.0990438e+01 4.9883968e-23
6.1131083e+01 4.9577031e-23
6.1272051e+01 4.9273228e-23
6.1413345e+01 4.8972529e-23
6.1554965e+01 4.8674906e-23
6.1696911e+01 4.8380331e-23
6.1839185e+01 4.8088777e-23
6.1981786e+01 4.7800214e-23
6.2124717e+01 4.7514617e-23
6.2267977e+01 4.7231957e-23
6.2411567e+01 4.6952209e-23
6.2555489e+01 4.6675344e-23
6.2699742e+01 4.6401337e-23
6.2844328e+01 4.6130162e-23
6.2989248e+01 4.5861791e-23
6.3134501e+01 4.5596200e-23
6.3280090e+01 4.5333363e-23
6.3426014e+01 4.5073254e-23
6.3572275e+01 4.4815848e-23
6.3718874e+01 4.4561119e-23
6.3865810e+01 4.4309045e-23
6.4013085e+01 4.4059598e-23
6.4160699e+01 4.3812756e-23
6.4308655e+01 4.3568494e-23
6.4456951e+01 4.3326787e-23
6.4605589e+01 4.3087613e-23
6.4754570e+01 4.2850947e-23
6.4903894e+01 4.2616767e-23
6.5053563e+01 4.2385048e-23
6.5203577e+01 4.2155768e-23
6.5353937e+01 4.1928904e-23
6.5504644e+01 4.1704433e-23
6.5655698e+01 4.1482333e-23
6.5807101e+01 4.1262581e-23
6.5958852e+01 4.1045156e-23
6.6110954e+01 4.0830035e-23
6.6263406e+01 4.0617197e-23
6.6416210e+01 4.0406620e-23
6.6569367e+01 4.0198283e-23
6.6722876e+01 3.9992164e-23
6.6876740e+01 3.9788242e-23
6.7030958e+01 3.9586497e-23
6.7185532e+01 3.9386908e-23
6.7340462e+01 3.9189454e-23
6.7495750e+01 3.8994115e-23
6.7651395e+01 3.8800871e-23
6.7807400e+01 3.8609701e-23
6.7963764e+01 3.8420586e-23
6.8120489e+01 3.8233505e-23
6.8277576e+01 3.8048441e-23
6.8435024e+01 3.7865372e-23
6.8592836e+01 3.7684280e-23
6.8751012e+01 3.7505146e-23
6.8909552e+01 3.7327950e-23
6.9068458e+01 3.7152674e-23
6.9227730e+01 3.6979300e-23
6.9387370e+01 3.6807809e-23
6.9547378e+01 3.6638182e-23
6.9707755e+01 3.6470401e-23
6.9868501e+01 3.6304449e-23
7.0029619e+01 3.6140307e-23
7.0191107e+01 3.5977958e-23
7.0352969e+01 3.5817385e-23
7.0515203e+01 3.5658568e-23
7.0677812e+01 3.5501493e-23
7.0840795e+01 3.5346140e-23
7.1004155e+01 3.5192494e-23
7.1167891e+01 3.5040538e-23
7.1332004e+01 3.4890254e-23
7.1496497e+01 3.4741626e-23
7.1661368e+01 3.4594637e-23
7.1826620e+01 3.4449272e-23
7.1992252e+01 3.4305515e-23
7.2158267e+01 3.4163348e-23
7.2324665e+01 3.4022756e-23
7.2491446e+01 3.3883724e-23
7.2658612e+01 3.3746236e-23
7.2826163e+01 3.3610276e-23
7.2994101e+01 3.3475829e-23
7.3162426e+01 3.3342879e-23
7.3331139e+01 3.3211412e-23
7.3500241e+01 3.3081413e-23
7.3669733e+01 3.2952866e-23
7.3839616e+01 3.2825757e-23
7.4009891e+01 3.2700071e-23
7.4180558e+01 3.2575795e-23
7.4351619e+01 3.2452912e-23
7.4523074e+01 3.2331410e-23
7.4694925e+01 3.2211274e-23
7.4867172e+01 3.2092491e-23
7.5039817e+01 3.1975045e-23
7.5212859e+01 3.1858924e-23
7.5386300e+01 3.1744114e-23
7.5560142e+01 3.1630601e-23
7.5734384e+01 3.1518372e-23
7.5909028e+01 3.1407414e-23
7.6084075e+01 3.1297714e-23
7.6259525e+01 3.1189258e-23
7.6435380e+01 3.1082033e-23
7.6611641e+01 3.0976027e-23
7.6788308e+01 3.0871227e-23
7.6965382e+01 3.0767621e-23
7.7142865e+01 3.0665196e-23
7.7320757e+01 3.0563939e-23
7.7499060e+01 3.0463839e-23
7.7677773e+01 3.0364883e-23
7.7856898e+01 3.0267059e-23
7.8036437e+01 3.0170356e-23
7.8216390e+01 3.0074761e-23
7.8396757e+01 2.9980263e-23
7.8577541e+01 2.9886850e-23
7.8758741e+01 2.9794511e-23
7.8940359e+01 2.9703234e-23
7.9122397e+01 2.9613008e-23
7.9304853e+01 2.9523822e-23
7.9487731e+01 2.9435665e-23
7.9671030e+01 2.9348526e-23
7.9854752e+01 2.9262394e-23
8.0038898e+01 2.9177258e-23
8.0223468e+01 2.9093107e-23
8.0408464e+01 2.9009932e-23
8.0593887e+01 2.8927721e-23
8.0779737e+01 2.8846465e-23
8.0966016e+01 2.8766152e-23
8.1152724e+01 2.8686774e-23
8.1339863e+01 2.8608319e-23
8.1527433e+01 2.8530778e-23
8.1715436e+01 2.8454141e-23
8.1903872e+01 2.8378398e-23
8.2092743e+01 2.8303539e-23
8.2282050e+01 2.8229556e-23
8.2471793e+01 2.8156438e-23
8.2661973e+01 2.8084176e-23
8.2852592e+01 2.8012760e-23
8.3043651e+01 2.7942183e-23
8.3235150e+01 2.7872433e-23
8.3427091e+01 2.7803503e-23
8.3619475e+01 2.7735384e-23
8.3812302e+01 2.7668066e-23
8.4005574e+01 2.7601541e-23
8.4199291e+01 2.7535800e-23
8.4393456e+01 2.7470835e-23
8.4588067e+01 2.7406637e-23
8.4783128e+01 2.7343198e-23
8.4978639e+01 2.7280509e-23
8.5174600e+01 2.7218562e-23
8.5371013e+01 2.7157350e-23
8.5567880e+01 2.7096863e-23
8.5765200e+01 2.7037094e-23
8.5962975e+01 2.6978036e-23
8.6161206e+01 2.6919679e-23
8.6359895e+01 2.6862017e-23
8.6559041e+01 2.6805042e-23
8.6758647e+01 2.6748747e-23
8.6958713e+01 2.6693123e-23
8.7159241e+01 2.6638163e-23
8.7360231e+01 2.6583861e-23
8.7561684e+01 2.6530208e-23
8.7763602e+01 2.6477198e-23
8.7965985e+01 2.6424823e-23
8.8168836e+01 2.6373077e-23
8.8372154e+01 2.6321953e-23
8.8575940e+01 2.6271443e-23
8.8780197e+01 2.6221541e-23
8.8984925e+01 2.6172240e-23
8.9190125e+01 2.6123533e-23
8.9395798e+01 2.6075415e-23
8.9601945e+01 2.6027878e-23
8.9808568e+01 2.5980915e-23
9.0015667e+01 2.5934522e-23
9.0223244e+01 2.5888690e-23
9.0431300e+01 2.5843414e-23
9.0639835e+01 2.5798689e-23
9.0848851e+01 2.5754507e-23
9.1058349e+01 2.5710863e-23
9.1268331e+01 2.5667750e-23
9.1478796e+01 2.5625164e-23
9.1689747e+01 2.5583097e-23
9.1901184e+01 2.5541545e-23
9.2113109e+01 2.5500501e-23
9.2325522e+01 2.5459961e-23
9.2538426e+01 2.5419917e-23
9.2751820e+01 2.5380366e-23
9.2965707e+01 2.5341301e-23
9.3180086e+01 2.5302717e-23
9.3394960e+01 2.5264609e-23
9.3610330e+01 2.5226971e-23
9.3826196e+01 2.5189799e-23
9.4042560e+01 2.5153086e-23
9.4259423e+01 2.5116829e-23
9.4476786e+01 2.5081022e-23
9.4694650e+01 2.5045659e-23
9.4913016e+01 2.5010737e-23
9.5131886e+01 2.4976251e-23
9.5351261e+01 2.4942194e-23
9.5571142e+01 2.4908564e-23
9.5791530e+01 2.4875354e-23
9.6012426e+01 2.4842561e-23
9.6233831e+01 2.4810180e-23
9.6455747e+01 2.4778206e-23
9.6678175e+01 2.4746635e-23
9.6901115e+01 2.4715463e-23
9.7124570e+01 2.4684684e-23
9.7348540e+01 2.4654295e-23
9.7573027e+01 2.4624292e-23
9.7798031e+01 2.4594670e-23
9.8023554e+01 2.4565426e-23
9.8249597e+01 2.4536554e-23
9.8476161e+01 2.4508051e-23
9.8703248e+01 2.4479913e-23
9.8930858e+01 2.4452137e-23
9.9158994e+01 2.4424717e-23
9.9387655e+01 2.4397650e-23
9.9616844e+01 2.4370933e-23
9.9846561e+01 2.4344561e-23
1.0007681e+02 2.4318531e-23
1.0030759e+02 2.4292840e-23
1.0053890e+02 2.4267482e-23
1.0077074e+02 2.4242456e-23
1.0100312e+02 2.4217757e-23
1.0123603e+02 2.4193382e-23
1.0146948e+02 2.4169327e-23
1.0170347e+02 2.4145589e-23
1.0193800e+02 2.4122164e-23
1.0217307e+02 2.4099050e-23
1.0240868e+02 2.4076243e-23
1.0264484e+02 2.4053739e-23
1.0288154e+02 2.4031535e-23
1.0311878e+02 2.4009629e-23
1.0335658e+02 2.3988016e-23
1.0359492e+02 2.3966695e-23
1.0383381e+02 2.3945661e-23
1.0407325e+02 2.3924912e-23
1.0431324e+02 2.3904445e-23
1.0455379e+02 2.3884257e-23
1.0479489e+02 2.3864345e-23
1.0503655e+02 2.3844706e-23
1.0527876e+02 2.3825337e-23
1.0552154e+02 2.3806235e-23
1.0576487e+02 2.3787398e-23
1.0600877e+02 2.3768822e-23
1.0625322e+02 2.3750506e-23
1.0649824e+02 2.3732446e-23
1.0674383e+02 2.3714640e-23
1.0698998e+02 2.3697085e-23
1.0723670e+02 2.3679778e-23
1.0748399e+02 2.3662718e-23
1.0773185e+02 2.3645901e-23
1.0798028e+02 2.3629325e-23
1.0822928e+02 2.3612988e-23
1.0847886e+02 2.3596887e-23
1.0872901e+02 2.3581019e-23
1.0897974e+02 2.3565383e-23
1.0923105e+02 2.3549976e-23
1.0948294e+02 2.3534796e-23
1.0973541e+02 2.3519840e-23
1.0998846e+02 2.3505106e-23
1.1024209e+02 2.3490593e-23
1.1049631e+02 2.3476297e-23
1.1075112e+02 2.3462216e-23
1.1100651e+02 2.3448350e-23
1.1126249e+02 2.3434694e-23
1.1151906e+02 2.3421248e-23
1.1177623e+02 2.3408009e-23
1.1203398e+02 2.3394975e-23
1.1229234e+02 2.3382145e-23
1.1255128e+02 2.3369515e-23
1.1281083e+02 2.3357085e-23
1.1307097e+02 2.3344852e-23
1.1333171e+02 2.3332815e-23
1.1359306e+02 2.3320971e-23
1.1385500e+02 2.3309319e-23
1.1411755e+02 2.3297856e-23
1.1438071e+02 2.3286582e-23
1.1464447e+02 2.3275494e-23
1.1490884e+02 2.3264590e-23
1.1517382e+02 2.3253869e-23
1.1543942e+02 2.3243329e-23
1.1570562e+02 2.3232969e-23
1.1597244e+02 2.3222786e-23
1.1623987e+02 2.3212779e-23
1.1650792e+02 2.3202946e-23
1.1677659e+02 2.3193286e-23
1.1704588e+02 2.3183797e-23
1.1731579e+02 2.3174478e-23
1.1758632e+02 2.3165327e-23
1.1785747e+02 2.3156342e-23
1.1812925e+02 2.3147522e-23
1.1840166e+02 2.3138866e-23
1.1867469e+02 2.3130371e-23
1.1894836e+02 2.3122037e-23
1.1922265e+02 2.3113863e-23
1.1949758e+02 2.3105846e-23
1.1977314e+02 2.3097985e-23
1.2004934e+02 2.3090279e-23
1.2032618e+02 2.3082727e-23
1.2060365e+02 2.3075326e-23
1.2088176e+02 2.3068077e-23
1.2116052e+02 2.3060977e-23
1.2143991e+02 2.3054026e-23
1.2171996e+02 2.3047221e-23
1.2200064e+02 2.3040563e-23
1.2228198e+02 2.3034048e-23
1.2256396e+02 2.3027677e-23
1.2284659e+02 2.3021448e-23
1.2312988e+02 2.3015360e-23
1.2341382e+02 2.3009412e-23
1.2369841e+02 2.3003602e-23
1.2398366e+02 2.2997929e-23
1.2426957e+02 2.2992393e-23
1.2455613e+02 2.2986991e-23
1.2484336e+02 2.2981724e-23
1.2513125e+02 2.2976589e-23
1.2541981e+02 2.2971587e-23
1.2570902e+02 2.2966715e-23
1.2599891e+02 2.2961973e-23
1.2628946e+02 2.2957359e-23
1.2658069e+02 2.2952873e-23
1.2687259e+02 2.2948514e-23
1.2716515e+02 2.2944280e-23
1.2745840e+02 2.2940172e-23
1.2775232e+02 2.2936186e-23
1.2804692e+02 2.2932324e-23
1.2834219e+02 2.2928583e-23
1.2863815e+02 2.2924964e-23
1.2893479e+02 2.2921464e-23
1.2923212e+02 2.2918083e-23
1.2953013e+02 2.2914821e-23
1.2982882e+02 2.2911676e-23
1.3012821e+02 2.2908647e-23
1.3042829e+02 2.2905734e-23
1.3072906e+02 2.2902935e-23
1.3103052e+02 2.2900251e-23
1.3133268e+02 2.2897679e-23
1.3163553e+02 2.2895220e-23
1.3193908e+02 2.2892872e-23
1.3224333e+02 2.2890635e-23
1.3254829e+02 2.2888507e-23
1.3285395e+02 2.2886489e-23
1.3316031e+02 2.2884579e-23
1.3346738e+02 2.2882777e-23
1.3377515e+02 2.2881082e-23
1.3408364e+02 2.2879493e-23
1.3439284e+02 2.2878009e-23
1.3470275e+02 2.2876630e-23
1.3501337e+02 2.2875355e-23
1.3532472e+02 2.2874183e-23
1.3563678e+02 2.2873114e-23
1.3594956e+02 2.2872147e-23
1.3626306e+02 2.2871282e-23
1.3657728e+02 2.2870517e-23
1.3689223e+02 2.2869852e-23
1.3720790e+02 2.2869286e-23
1.3752431e+02 2.2868820e-23
1.3784144e+02 2.2868451e-23
1.3815930e+02 2.2868180e-23
1.3847790e+02 2.2868006e-23
1.3879723e+02 2.2867929e-23
1.3911730e+02 2.2867947e-23
1.3943810e+02 2.2868060e-23
1.3975965e+02 2.2868268e-23
1.4008193e+02 2.2868571e-23
1.4040496e+02 2.2868966e-23
1.4072874e+02 2.2869455e-23
1.4105326e+02 2.2870036e-23
1.4137853e+02 2.2870710e-23
1.4170455e+02 2.2871475e-23
1.4203132e+02 2.2872330e-23
1.4235885e+02 2.2873276e-23
1.4268713e+02 2.2874313e-23
1.4301617e+02 2.2875438e-23
1.4334596e+02 2.2876653e-23
1.4367652e+02 2.2877956e-23
1.4400784e+02 2.2879347e-23
1.4433992e+02 2.2880826e-23
1.4467277e+02 2.2882391e-23
1.4500639e+02 2.2884044e-23
1.4534077e+02 2.2885783e-23
1.4567593e+02 2.2887607e-23
1.4601186e+02 2.2889517e-23
1.4634856e+02 2.2891512e-23
1.4668604e+02 2.2893592e-23
1.4702430e+02 2.2895756e-23
1.4736334e+02 2.2898003e-23
1.4770316e+02 2.2900334e-23
1.4804377e+02 2.2902748e-23
1.4838516e+02 2.2905245e-23
1.4872734e+02 2.2907824e-23
1.4907030e+02 2.2910484e-23
1.4941406e+02 2.2913226e-23
1.4975861e+02 2.2916050e-23
1.5010395e+02 2.2918954e-23
1.5045009e+02 2.2921938e-23
1.5079703e+02 2.2925003e-23
1.5114477e+02 2.2928147e-23
1.5149331e+02 2.2931371e-23
1.5184266e+02 2.2934674e-23
1.5219281e+02 2.2938056e-23
1.5254377e+02 2.2941516e-23
1.5289553e+02 2.2945055e-23
1.5324811e+02 2.2948671e-23
1.5360150e+02 2.2952365e-23
1.5395571e+02 2.2956136e-23
1.5431073e+02 2.2959985e-23
1.5466657e+02 2.2963910e-23
1.5502324e+02 2.2967911e-23
1.5538072e+02 2.2971989e-23
1.5573903e+02 2.2976142e-23
1.5609817e+02 2.2980372e-23
1.5645813e+02 2.2984676e-23
1.5681892e+02 2.2989056e-23
1.5718055e+02 2.2993511e-23
1.5754301e+02 2.2998040e-23
1.5790630e+02 2.3002644e-23
1.5827044e+02 2.3007322e-23
1.5863541e+02 2.3012074e-23
1.5900122e+02 2.3016899e-23
1.5936788e+02 2.3021798e-23
1.5973539e+02 2.3026771e-23
1.6010374e+02 2.3031816e-23
1.6047294e+02 2.3036935e-23
1.6084299e+02 2.3042126e-23
1.6121389e+02 2.3047389e-23
1.6158565e+02 2.3052725e-23
1.6195827e+02 2.3058133e-23
1.6233175e+02 2.3063612e-23
1.6270609e+02 2.3069164e-23
1.6308129e+02 2.3074787e-23
1.6345736e+02 2.3080481e-23
1.6383429e+02 2.3086246e-23
1.6421209e+02 2.3092083e-23
1.6459077e+02 2.3097990e-23
1.6497031e+02 2.3103968e-23
1.6535074e+02 2.3110017e-23
1.6573204e+02 2.3116136e-23
1.6611422e+02 2.3122325e-23
1.6649728e+02 2.3128584e-23
1.6688122e+02 2.3134913e-23
1.6726605e+02 2.3141312e-23
1.6765177e+02 2.3147781e-23
1.6803837e+02 2.3154319e-23
1.6842587e+02 2.3160927e-23
1.6881426e+02 2.3167603e-23
1.6920355e+02 2.3174349e-23
1.6959373e+02 2.3181164e-23
1.6998482e+02 2.3188048e-23
1.7037681e+02 2.3195001e-23
1.7076970e+02 2.3202022e-23
1.7116349e+02 2.3209112e-23
1.7155820e+02 2.3216271e-23
1.7195381e+02 2.3223498e-23
1.7235034e+02 2.3230793e-23
1.7274778e+02 2.3238156e-23
1.7314614e+02 2.3245588e-23
1.7354541e+02 2.3253088e-23
1.7394561e+02 2.3260655e-23
1.7434673e+02 2.3268290e-23
1.7474877e+02 2.3275994e-23
1.7515175e+02 2.3283764e-23
1.7555565e+02 2.3291603e-23
1.7596048e+02 2.3299509e-23
1.7636625e+02 2.3307482e-23
1.7677295e+02 2.3315523e-23
1.7718059e+02 2.3323632e-23
1.7758917e+02 2.3331807e-23
1.7799869e+02 2.3340050e-23
1.7840916e+02 2.3348360e-23
1.7882057e+02 2.3356738e-23
1.7923293e+02 2.3365182e-23
1.7964624e+02 2.3373694e-23
1.8006051e+02 2.3382272e-23
1.8047573e+02 2.3390918e-23
1.8089191e+02 2.3399630e-23
1.8130905e+02 2.3408409e-23
1.8172715e+02 2.3417256e-23
1.8214621e+02 2.3426169e-23
1.8256624e+02 2.3435149e-23
1.8298724e+02 2.3444195e-23
1.8340921e+02 2.3453309e-23
1.8383215e+02 2.3462489e-23
1.8425607e+02 2.3471736e-23
1.8468097e+02 2.3481050e-23
1.8510684e+02 2.3490430e-23
1.8553370e+02 2.3499877e-23
1.8596154e+02 2.3509391e-23
1.8639037e+02 2.3518971e-23
1.8682019e+02 2.3528619e-23
1.8725100e+02 2.3538332e-23
1.8768280e+02 2.3548113e-23
1.8811560e+02 2.3557960e-23
1.8854939e+02 2.3567874e-23
1.8898419e+02 2.3577855e-23
1.8941999e+02 2.3587902e-23
1.8985679e+02 2.3598016e-23
1.9029460e+02 2.3608197e-23
1.9073343e+02 2.3618445e-23
1.9117326e+02 2.3628759e-23
1.9161411e+02 2.3639140e-23
1.9205597e+02 2.3649588e-23
1.9249885e+02 2.3660103e-23
1.9294276e+02 2.3670684e-23
1.9338768e+02 2.3681333e-23
1.9383364e+02 2.3692049e-23
1.9428062e+02 2.3702831e-23
1.9472863e+02 2.3713680e-23
1.9517768e+02 2.3724597e-23
1.9562776e+02 2.3735580e-23
1.9607888e+02 2.3746631e-23
1.9653104e+02 2.3757749e-23
1.9698424e+02 2.3768934e-23
1.9743849e+02 2.3780186e-23
1.9789378e+02 2.3791506e-23
1.9835012e+02 2.3802893e-23
1.9880752e+02 2.3814347e-23
1.9926597e+02 2.3825869e-23
1.9972548e+02 2.3837458e-23
2.0018605e+02 2.3849115e-23
2.0064768e+02 2.3860839e-23
2.0111038e+02 2.3872631e-23
2.0157414e+02 2.3884491e-23
2.0203897e+02 2.3896418e-23
2.0250487e+02 2.3908414e-23
2.0297185e+02 2.3920477e-23
2.0343991e+02 2.3932609e-23
2.0390904e+02 2.3944808e-23
2.0437926e+02 2.3957076e-23
2.0485056e+02 2.3969412e-23
2.0532294e+02 2.3981816e-23
2.0579642e+02 2.3994288e-23
2.0627099e+02 2.4006829e-23
2.0674665e+02 2.4019439e-23
2.0722341e+02 2.4032117e-23
2.0770127e+02 2.4044864e-23
2.0818023e+02 2.4057680e-23
2.0866029e+02 2.4070564e-23
2.0914147e+02 2.4083518e-23
2.0962375e+02 2.4096540e-23
2.1010714e+02 2.4109632e-23
2.1059165e+02 2.4122793e-23
2.1107728e+02 2.4136023e-23
2.1156402e+02 2.4149323e-23
2.1205189e+02 2.4162692e-23
2.1254088e+02 2.4176131e-23
2.1303100e+02 2.4189639e-23
2.1352226e+02 2.4203218e-23
2.1401464e+02 2.4216866e-23
2.1450816e+02 2.4230584e-23
2.1500282e+02 2.4244373e-23
2.1549861e+02 2.4258231e-23
2.1599556e+02 2.4272161e-23
2.1649364e+02 2.4286160e-23
2.1699288e+02 2.4300230e-23
2.1749327e+02 2.4314371e-23
2.1799481e+02 2.4328583e-23
2.1849750e+02 2.4342866e-23
2.1900136e+02 2.4357219e-23
2.1950638e+02 2.4371644e-23
2.2001256e+02 2.4386140e-23
2.2051991e+02 2.4400708e-23
2.2102844e+02 2.4415347e-23
2.2153813e+02 2.4430057e-23
2.2204900e+02 2.4444840e-23
2.2256104e+02 2.4459694e-23
2.2307427e+02 2.4474621e-23
2.2358868e+02 2.4489619e-23
2.2410428e+02 2.4504690e-23
2.2462107e+02 2.4519834e-23
2.2513904e+02 2.4535049e-23
2.2565822e+02 2.4550338e-23
2.2617859e+02 2.4565699e-23
2.2670016e+02 2.4581134e-23
2.2722293e+02 2.4596641e-23
2.2774691e+02 2.4612222e-23
2.2827209e+02 2.4627876e-23
2.2879849e+02 2.4643604e-23
2.2932610e+02 2.4659405e-23
2.2985493e+02 2.4675280e-23
2.3038497e+02 2.4691230e-23
2.3091624e+02 2.4707253e-23
2.3144874e+02 2.4723350e-23
2.3198246e+02 2.4739522e-23
2.3251741e+02 2.4755769e-23
2.3305360e+02 2.4772090e-23
2.3359102e+02 2.4788486e-23
2.3412969e+02 2.4804957e-23
2.3466959e+02 2.4821503e-23
2.3521074e+02 2.4838125e-23
2.3575314e+02 2.4854822e-23
2.3629679e+02 2.4871594e-23
2.3684169e+02 2.4888443e-23
2.3738785e+02 2.4905367e-23
2.3793527e+02 2.4922368e-23
2.3848395e+02 2.4939444e-23
2.3903389e+02 2.4956598e-23
2.3958511e+02 2.4973828e-23
2.4013759e+02 2.4991134e-23
2.4069135e+02 2.5008518e-23
2.4124639e+02 2.5025979e-23
2.4180270e+02 2.5043517e-23
2.4236030e+02 2.5061132e-23
2.4291919e+02 2.5078825e-23
2.4347936e+02 2.5096596e-23
2.4404083e+02 2.5114445e-23
2.4460359e+02 2.5132372e-23
2.4516764e+02 2.5150377e-23
2.4573300e+02 2.5168461e-23
2.4629967e+02 2.5186623e-23
2.4686763e+02 2.5204865e-23
2.4743691e+02 2.5223185e-23
2.4800750e+02 2.5241585e-23
2.4857941e+02 2.5260064e-23
2.4915264e+02 2.5278622e-23
2.4972719e+02 2.5297260e-23
2.5030306e+02 2.5315979e-23
2.5088026e+02 2.5334777e-23
2.5145879e+02 2.5353656e-23
2.5203866e+02 2.5372615e-23
2.5261986e+02 2.5391655e-23
2.5320240e+02 2.5410775e-23
2.5378629e+02 2.5429977e-23
2.5437152e+02 2.5449260e-23
2.5495811e+02 2.5468625e-23
2.5554604e+02 2.5488071e-23
2.5613533e+02 2.5507599e-23
2.5672598e+02 2.5527209e-23
2.5731799e+02 2.5546901e-23
2.5791137e+02 2.5566676e-23
2.5850612e+02 2.5586533e-23
2.5910223e+02 2.5606473e-23
2.5969973e+02 2.5626496e-23
2.6029859e+02 2.5646602e-23
2.6089885e+02 2.5666792e-23
2.6150048e+02 2.5687065e-23
2.6210350e+02 2.5707422e-23
2.6270792e+02 2.5727864e-23
2.6331372e+02 2.5748389e-23
2.6392092e+02 2.5768999e-23
2.6452953e+02 2.5789693e-23
2.6513954e+02 2.5810473e-23
2.6575095e+02 2.5831337e-23
2.6636377e+02 2.5852286e-23
2.6697801e+02 2.5873322e-23
2.6759366e+02 2.5894442e-23
2.6821074e+02 2.5915649e-23
2.6882923e+02 2.5936942e-23
2.6944915e+02 2.5958321e-23
2.7007051e+02 2.5979787e-23
2.7069329e+02 2.6001339e-23
2.7131751e+02 2.6022978e-23
2.7194317e+02 2.6044705e-23
2.7257028e+02 2.6066519e-23
2.7319882e+02 2.6088420e-23
2.7382882e+02 2.6110410e-23
2.7446027e+02 2.6132487e-23
2.7509318e+02 2.6154653e-23
2.7572755e+02 2.6176907e-23
2.7636338e+02 2.6199250e-23
2.7700067e+02 2.6221682e-23
2.7763944e+02 2.6244202e-23
2.7827968e+02 2.6266813e-23
2.7892139e+02 2.6289513e-23
2.7956459e+02 2.6312303e-23
2.8020927e+02 2.6335183e-23
2.8085543e+02 2.6358153e-23
2.8150309e+02 2.6381213e-23
2.8215223e+02 2.6404365e-23
2.8280288e+02 2.6427607e-23
2.8345503e+02 2.6450941e-23
2.8410868e+02 2.6474366e-23
2.8476383e+02 2.6497883e-23
2.8542050e+02 2.6521491e-23
2.8607868e+02 2.6545192e-23
2.8673838e+02 2.6568985e-23
2.8739960e+02 2.6592871e-23
2.8806235e+02 2.6616849e-23
2.8872662e+02 2.6640921e-23
2.8939243e+02 2.6665086e-23
2.9005977e+02 2.6689344e-23
2.9072865e+02 2.6713697e-23
2.9139907e+02 2.6738143e-23
2.9207104e+02 2.6762684e-23
2.9274456e+02 2.6787319e-23
2.9341963e+02 2.6812049e-23
2.9409626e+02 2.6836874e-23
2.9477444e+02 2.6861794e-23
2.9545420e+02 2.6886809e-23
2.9613552e+02 2.6911920e-23
2.9681841e+02 2.6937128e-23
2.9750287e+02 2.6962431e-23
2.9818892e+02 2.6987831e-23
2.9887654e+02 2.7013328e-23
2.9956575e+02 2.7038921e-23
3.0025656e+02 2.7064612e-23
3.0094895e+02 2.7090400e-23
3.0164294e+02 2.7116286e-23
3.0233853e+02 2.7142270e-23
3.0303573e+02 2.7168353e-23
3.0373453e+02 2.7194533e-23
3.0443494e+02 2.7220812e-23
3.0513697e+02 2.7247191e-23
3.0584062e+02 2.7273668e-23
3.0654589e+02 2.7300245e-23
3.0725279e+02 2.7326922e-23
3.0796131e+02 2.7353698e-23
3.0867148e+02 2.7380575e-23
3.0938327e+02 2.7407553e-23
3.1009672e+02 2.7434631e-23
3.1081180e+02 2.7461810e-23
3.1152853e+02 2.7489091e-23
3.1224692e+02 2.7516473e-23
3.1296697e+02 2.7543956e-23
3.1368867e+02 2.7571542e-23
3.1441204e+02 2.7599230e-23
3.1513708e+02 2.7627021e-23
3.1586378e+02 2.7654915e-23
3.1659217e+02 2.7682911e-23
3.1732223e+02 2.7711011e-23
3.1805398e+02 2.7739215e-23
3.1878741e+02 2.7767523e-23
3.1952254e+02 2.7795934e-23
3.2025936e+02 2.7824451e-23
3.2099788e+02 2.7853072e-23
3.2173811e+02 2.7881797e-23
3.2248004e+02 2.7910628e-23
3.2322368e+02 2.7939565e-23
3.2396903e+02 2.7968608e-23
3.2471611e+02 2.7997756e-23
3.2546491e+02 2.8027011e-23
3.2621543e+02 2.8056372e-23
3.2696769e+02 2.8085840e-23
3.2772168e+02 2.8115416e-23
3.2847741e+02 2.8145099e-23
3.2923488e+02 2.8174889e-23
3.2999410e+02 2.8204787e-23
3.3075506e+02 2.8234794e-23
3.3151779e+02 2.8264909e-23
3.3228227e+02 2.8295133e-23
3.3304852e+02 2.8325466e-23
3.3381653e+02 2.8355909e-23
3.3458631e+02 2.8386461e-23
3.3535787e+02 2.8417123e-23
3.3613121e+02 2.8447895e-23
3.3690633e+02 2.8478778e-23
3.3768324e+02 2.8509771e-23
3.3846194e+02 2.8540875e-23
3.3924243e+02 2.8572091e-23
3.4002473e+02 2.8603418e-23
3.4080883e+02 2.8634858e-23
3.4159474e+02 2.8666409e-23
3.4238246e+02 2.8698073e-23
3.4317199e+02 2.8729849e-23
3.4396335e+02 2.8761739e-23
3.4475653e+02 2.8793742e-23
3.4555154e+02 2.8825858e-23
3.4634839e+02 2.8858088e-23
3.4714707e+02 2.8890433e-23
3.4794759e+02 2.8922892e-23
3.4874996e+02 2.8955466e-23
3.4955418e+02 2.8988154e-23
3.5036026e+02 2.9020958e-23
3.5116819e+02 2.9053878e-23
3.5197799e+02 2.9086914e-23
3.5278965e+02 2.9120065e-23
3.5360319e+02 2.9153334e-23
3.5441860e+02 2.9186719e-23
3.5523589e+02 2.9220221e-23
3.5605507e+02 2.9253841e-23
3.5687613e+02 2.9287578e-23
3.5769909e+02 2.9321433e-23
3.5852395e+02 2.9355406e-23
3.5935071e+02 2.9389498e-23
3.6017937e+02 2.9423709e-23
3.6100995e+02 2.9458039e-23
3.6184244e+02 2.9492489e-23
3.6267685e+02 2.9527058e-23
3.6351319e+02 2.9561748e-23
3.6435145e+02 2.9596557e-23
3.6519165e+02 2.9631488e-23
3.6603379e+02 2.9666539e-23
3.6687786e+02 2.9701711e-23
3.6772389e+02 2.9737006e-23
3.6857186e+02 2.9772422e-23
3.6942179e+02 2.9807960e-23
3.7027368e+02 2.9843620e-23
3.7112753e+02 2.9879404e-23
3.7198336e+02 2.9915310e-23
3.7284115e+02 2.9951340e-23
3.7370093e+02 2.9987494e-23
3.7456268e+02 3.0023771e-23
3.7542643e+02 3.0060173e-23
3.7629216e+02 3.0096700e-23
3.7715990e+02 3.0133351e-23
3.7802963e+02 3.0170128e-23
3.7890137e+02 3.0207030e-23
3.7977512e+02 3.0244059e-23
3.8065088e+02 3.0281213e-23
3.8152867e+02 3.0318494e-23
3.8240848e+02 3.0355901e-23
3.8329031e+02 3.0393436e-23
3.8417418e+02 3.0431098e-23
3.8506009e+02 3.0468888e-23
3.8594804e+02 3.0506806e-23
3.8683804e+02 3.0544852e-23
3.8773009e+02 3.0583027e-23
3.8862420e+02 3.0621331e-23
3.8952037e+02 3.0659765e-23
3.9041861e+02 3.0698328e-23
3.9131892e+02 3.0737021e-23
3.9222130e+02 3.0775844e-23
3.9312577e+02 3.0814798e-23
3.9403232e+02 3.0853882e-23
3.9494096e+02 3.0893098e-23
3.9585170e+02 3.0932446e-23
3.9676453e+02 3.0971925e-23
3.9767948e+02 3.1011537e-23
3.9859653e+02 3.1051281e-23
3.9951569e+02 3.1091158e-23
4.0043698e+02 3.1131169e-23
4.0136039e+02 3.1171313e-23
4.0228593e+02 3.1211590e-23
4.0321361e+02 3.1252002e-23
4.0414342e+02 3.1292548e-23
4.0507538e+02 3.1333230e-23
4.0600948e+02 3.1374046e-23
4.0694575e+02 3.1414998e-23
4.0788417e+02 3.1456086e-23
4.0882475e+02 3.1497310e-23
4.0976750e+02 3.1538670e-23
4.1071243e+02 3.1580168e-23
4.1165954e+02 3.1621803e-23
4.1260883e+02 3.1663575e-23
4.1356030e+02 3.1705485e-23
4.1451398e+02 3.1747534e-23
4.1546985e+02 3.1789722e-23
4.1642793e+02 3.1832048e-23
4.1738821e+02 3.1874515e-23
4.1835071e+02 3.1917121e-23
4.1931543e+02 3.1959868e-23
4.2028238e+02 3.2002756e-23
4.2125155e+02 3.2045785e-23
4.2222296e+02 3.2088956e-23
4.2319661e+02 3.2132271e-23
4.2417251e+02 3.2175729e-23
4.2515065e+02 3.2219332e-23
4.2613105e+02 3.2263082e-23
4.2711371e+02 3.2306979e-23
4.2809864e+02 3.2351028e-23
4.2908584e+02 3.2395231e-23
4.3007531e+02 3.2439596e-23
4.3106707e+02 3.2484135e-23
4.3206111e+02 3.2528867e-23
4.3305745e+02 3.2573838e-23
4.3405608e+02 3.2619151e-23
4.3505702e+02 3.2665112e-23
4.3606027e+02 3.2712954e-23
4.3706582e+02 3.2772762e-23
4.3807370e+02 1.1060538e-22
4.3908390e+02 3.2862545e-23
4.4009643e+02 3.2894740e-23
4.4111130e+02 3.2938119e-23
4.4212851e+02 3.2983287e-23
4.4314806e+02 3.3029078e-23
4.4416996e+02 3.3075203e-23
4.4519422e+02 3.3121565e-23
4.4622084e+02 3.3168122e-23
4.4724983e+02 3.3214855e-23
4.4828119e+02 3.3261755e-23
4.4931493e+02 3.3308816e-23
4.5035105e+02 3.3356034e-23
4.5138957e+02 3.3403408e-23
4.5243047e+02 3.3450937e-23
4.5347378e+02 3.3498620e-23
4.5451950e+02 3.3546457e-23
4.5556762e+02 3.3594448e-23
4.5661816e+02 3.3642593e-23
4.5767113e+02 3.3690891e-23
4.5872652e+02 3.3739343e-23
4.5978435e+02 3.3787949e-23
4.6084462e+02 3.3836710e-23
4.6190733e+02 3.3885626e-23
4.6297249e+02 3.3934696e-23
4.6404011e+02 3.3983922e-23
4.6511019e+02 3.4033303e-23
4.6618273e+02 3.4082841e-23
4.6725776e+02 3.4132534e-23
4.6833526e+02 3.4182384e-23
4.6941524e+02 3.4232391e-23
4.7049772e+02 3.4282555e-23
4.7158269e+02 3.4332877e-23
4.7267016e+02 3.4383357e-23
4.7376014e+02 3.4433995e-23
4.7485264e+02 3.4484792e-23
4.7594765e+02 3.4535748e-23
4.7704519e+02 3.4586863e-23
4.7814526e+02 3.4638138e-23
4.7924786e+02 3.4689573e-23
4.8035301e+02 3.4741168e-23
4.8146071e+02 3.4792924e-23
4.8257096e+02 3.4844842e-23
4.8368378e+02 3.4896921e-23
4.8479915e+02 3.4949162e-23
4.8591711e+02 3.5001565e-23
4.8703763e+02 3.5054131e-23
4.8816075e+02 3.5106860e-23
4.8928645e+02 3.5159752e-23
4.9041475e+02 3.5212809e-23
4.9154565e+02 3.5266029e-23
4.9267916e+02 3.5319414e-23
4.9381528e+02 3.5372964e-23
4.9495402e+02 3.5426679e-23
4.9609539e+02 3.5480559e-23
4.9723939e+02 3.5534606e-23
4.9838602e+02 3.5588819e-23
4.9953531e+02 3.5643199e-23
5.0068724e+02 3.5697746e-23
5.0184183e+02 3.5752460e-23
5.0299908e+02 3.5807343e-23
5.0415900e+02 3.5862394e-23
5.0532159e+02 3.5917613e-23
5.0648687e+02 3.5973002e-23
5.0765483e+02 3.6028560e-23
5.0882549e+02 3.6084287e-23
5.0999884e+02 3.6140185e-23
5.1117490e+02 3.6196254e-23
5.1235368e+02 3.6252493e-23
5.1353517e+02 3.6308904e-23
5.1471938e+02 3.6365487e-23
5.1590633e+02 3.6422242e-23
5.1709601e+02 3.6479169e-23
5.1828844e+02 3.6536269e-23
5.1948362e+02 3.6593543e-23
5.2068155e+02 3.6650990e-23
5.2188225e+02 3.6708611e-23
5.2308571e+02 3.6766407e-23
5.2429195e+02 3.6824378e-23
5.2550097e+02 3.6882524e-23
5.2671278e+02 3.6940845e-23
5.2792739e+02 3.6999343e-23
5.2914479e+02 3.7058017e-23
5.3036500e+02 3.7116867e-23
5.3158803e+02 3.7175895e-23
5.3281387e+02 3.7235101e-23
5.3404255e+02 3.7294485e-23
5.3527405e+02 3.7354047e-23
5.3650840e+02 3.7413788e-23
5.3774559e+02 3.7473708e-23
5.3898564e+02 3.7533808e-23
5.4022854e+02 3.7594088e-23
5.4147431e+02 3.7654548e-23
5.4272296e+02 3.7715189e-23
5.4397448e+02 3.7776011e-23
5.4522889e+02 3.7837015e-23
5.4648619e+02 3.7898201e-23
5.4774639e+02 3.7959569e-23
5.4900950e+02 3.8021120e-23
5.5027552e+02 3.8082854e-23
5.5154446e+02 3.8144772e-23
5.5281633e+02 3.8206874e-23
5.5409112e+02 3.8269161e-23
5.5536886e+02 3.8331632e-23
5.5664955e+02 3.8394289e-23
5.5793319e+02 3.8457132e-23
5.5921978e+02 3.8520160e-23
5.6050935e+02 3.8583375e-23
5.6180189e+02 3.8646777e-23
5.6309741e+02 3.8710366e-23
5.6439591e+02 3.8774143e-23
5.6569742e+02 3.8838109e-23
5.6700192e+02 3.8902262e-23
5.6830943e+02 3.8966605e-23
5.6961995e+02 3.9031137e-23
5.7093350e+02 3.9095859e-23
5.7225008e+02 3.9160772e-23
5.7356969e+02 3.9225875e-23
5.7489235e+02 3.9291169e-23
5.7621806e+02 3.9356654e-23
5.7754682e+02 3.9422332e-23
5.7887865e+02 3.9488202e-23
5.8021354e+02 3.9554264e-23
5.8155152e+02 3.9620520e-23
5.8289258e+02 3.9686970e-23
5.8423674e+02 3.9753613e-23
5.8558399e+02 3.9820451e-23
5.8693435e+02 3.9887484e-23
5.8828783e+02 3.9954712e-23
5.8964443e+02 4.0022136e-23
5.9100415e+02 4.0089756e-23
5.9236701e+02 4.0157573e-23
5.9373301e+02 4.0225587e-23
5.9510217e+02 4.0293798e-23
5.9647448e+02 4.0362208e-23
5.9784995e+02 4.0430815e-23
5.9922860e+02 4.0499622e-23
6.0061042e+02 4.0568627e-23
6.0199543e+02 4.0637832e-23
6.0338364e+02 4.0707238e-23
6.0477505e+02 4.0776843e-23
6.0616966e+02 4.0846650e-23
6.0756750e+02 4.0916658e-23
6.0896855e+02 4.0986868e-23
6.1037284e+02 4.1057281e-23
6.1178036e+02 4.1127896e-23
6.1319113e+02 4.1198714e-23
6.1460516e+02 4.1269736e-23
6.1602244e+02 4.1340961e-23
6.1744299e+02 4.1412392e-23
6.1886682e+02 4.1484027e-23
6.2029393e+02 4.1555868e-23
6.2172433e+02 4.1627914e-23
6.2315804e+02 4.1700167e-23
6.2459504e+02 4.1772626e-23
6.2603536e+02 4.1845293e-23
6.2747901e+02 4.1918167e-23
6.2892598e+02 4.1991249e-23
6.3037629e+02 4.2064540e-23
6.3182994e+02 4.2138040e-23
6.3328694e+02 4.2211749e-23
6.3474731e+02 4.2285668e-23
6.3621104e+02 4.2359797e-23
6.3767815e+02 4.2434138e-23
6.3914864e+02 4.2508689e-23
6.4062252e+02 4.2583452e-23
6.4209980e+02 4.2658427e-23
6.4358049e+02 4.2733615e-23
6.4506459e+02 4.2809016e-23
6.4655211e+02 4.2884631e-23
6.4804307e+02 4.2960460e-23
6.4953746e+02 4.3036503e-23
6.5103530e+02 4.3112761e-23
6.5253659e+02 4.3189234e-23
6.5404134e+02 4.3265923e-23
6.5554957e+02 4.3342829e-23
6.5706127e+02 4.3419951e-23
6.5857646e+02 4.3497291e-23
6.6009514e+02 4.3574848e-23
6.6161732e+02 4.3652624e-23
6.6314302e+02 4.3730618e-23
6.6467223e+02 4.3808831e-23
6.6620497e+02 4.3887264e-23
6.6774125e+02 4.3965917e-23
6.6928106e+02 4.4044791e-23
6.7082443e+02 4.4123886e-23
6.7237136e+02 4.4203202e-23
6.7392185e+02 4.4282740e-23
6.7547592e+02 4.4362501e-23
6.7703357e+02 4.4442485e-23
6.7859481e+02 4.4522692e-23
6.8015966e+02 4.4603123e-23
6.8172811e+02 4.4683778e-23
6.8330018e+02 4.4764658e-23
6.8487588e+02 4.4845764e-23
6.8645521e+02 4.4927096e-23
6.8803818e+02 4.5008653e-23
6.8962480e+02 4.5090438e-23
6.9121508e+02 4.5172450e-23
6.9280903e+02 4.5254690e-23
6.9440665e+02 4.5337158e-23
6.9600796e+02 4.5419855e-23
6.9761296e+02 4.5502781e-23
6.9922166e+02 4.5585937e-23
7.0083407e+02 4.5669323e-23
7.0245020e+02 4.5752940e-23
7.0407005e+02 4.5836788e-23
7.0569364e+02 4.5920868e-23
7.0732098e+02 4.6005180e-23
7.0895207e+02 4.6089725e-23
7.1058691e+02 4.6174503e-23
7.1222553e+02 4.6259515e-23
7.1386793e+02 4.6344761e-23
7.1551412e+02 4.6430242e-23
7.1716410e+02 4.6515958e-23
7.1881788e+02 4.6601910e-23
7.2047548e+02 4.6688098e-23
7.2213690e+02 4.6774523e-23
7.2380216e+02 4.6861185e-23
7.2547125e+02 4.6948085e-23
7.2714419e+02 4.7035223e-23
7.2882099e+02 4.7122600e-23
7.3050166e+02 4.7210216e-23
7.3218620e+02 4.7298073e-23
7.3387463e+02 4.7386169e-23
7.3556695e+02 4.7474506e-23
7.3726317e+02 4.7563085e-23
7.3896331e+02 4.7651906e-23
7.4066736e+02 4.7740969e-23
7.4237535e+02 4.7830275e-23
7.4408727e+02 4.7919824e-23
7.4580314e+02 4.8009618e-23
7.4752297e+02 4.8099656e-23
7.4924676e+02 4.8189939e-23
7.5097453e+02 4.8280467e-23
7.5270628e+02 4.8371242e-23
7.5444203e+02 4.8462263e-23
7.5618178e+02 4.8553531e-23
7.5792554e+02 4.8645047e-23
7.5967332e+02 4.8736811e-23
7.6142514e+02 4.8828824e-23
7.6318099e+02 4.8921086e-23
7.6494089e+02 4.9013598e-23
7.6670485e+02 4.9106360e-23
7.6847288e+02 4.9199373e-23
7.7024498e+02 4.9292637e-23
7.7202117e+02 4.9386154e-23
7.7380146e+02 4.9479922e-23
7.7558585e+02 4.9573944e-23
7.7737436e+02 4.9668220e-23
7.7916699e+02 4.9762749e-23
7.8096375e+02 4.9857533e-23
7.8276466e+02 4.9952572e-23
7.8456972e+02 5.0047867e-23
7.8637895e+02 5.0143418e-23
7.8819234e+02 5.0239227e-23
7.9000992e+02 5.0335292e-23
7.9183169e+02 5.0431615e-23
7.9365766e+02 5.0528197e-23
7.9548784e+02 5.0625038e-23
7.9732224e+02 5.0722138e-23
7.9916087e+02 5.0819499e-23
8.0100374e+02 5.0917120e-23
8.0285086e+02 5.1015003e-23
8.0470224e+02 5.1113147e-23
8.0655789e+02 5.1211554e-23
8.0841782e+02 5.1310223e-23
8.1028204e+02 5.1409157e-23
8.1215056e+02 5.1508354e-23
8.1402338e+02 5.1607816e-23
8.1590052e+02 5.1707543e-23
8.1778200e+02 5.1807535e-23
8.1966781e+02 5.1907795e-23
8.2155797e+02 5.2008321e-23
8.2345249e+02 5.2109114e-23
8.2535138e+02 5.2210176e-23
8.2725464e+02 5.2311506e-23
8.2916230e+02 5.2413106e-23
8.3107435e+02 5.2514975e-23
8.3299082e+02 5.2617115e-23
8.3491170e+02 5.2719526e-23
8.3683701e+02 5.2822209e-23
8.3876676e+02 5.2925164e-23
8.4070097e+02 5.3028392e-23
8.4263963e+02 5.3131894e-23
8.4458276e+02 5.3235670e-23
8.4653038e+02 5.3339723e-23
8.4848248e+02 5.3444054e-23
8.5043909e+02 5.3548667e-23
8.5240021e+02 5.3653572e-23
8.5436585e+02 5.3758801e-23
8.5633603e+02 5.3864565e-23
8.5831074e+02 5.3982889e-23
8.6029001e+02 5.4077002e-23
8.6227385e+02 5.4182261e-23
8.6426226e+02 5.4288669e-23
8.6625525e+02 5.4395451e-23
8.6825285e+02 5.4502538e-23
8.7025504e+02 5.4609915e-23
8.7226186e+02 5.4717579e-23
8.7427330e+02 5.4825527e-23
8.7628938e+02 5.4933760e-23
8.7831011e+02 5.5042277e-23
8.8033550e+02 5.5151079e-23
8.8236556e+02 5.5260167e-23
8.8440030e+02 5.5369541e-23
8.8643974e+02 5.5479202e-23
8.8848387e+02 5.5589150e-23
8.9053272e+02 5.5699385e-23
8.9258630e+02 5.5809909e-23
8.9464461e+02 5.5920721e-23
8.9670767e+02 5.6031823e-23
8.9877548e+02 5.6143215e-23
9.0084807e+02 5.6254898e-23
9.0292543e+02 5.6366873e-23
9.0500758e+02 5.6479139e-23
9.0709454e+02 5.6591698e-23
9.0918630e+02 5.6704550e-23
9.1128289e+02 5.6817696e-23
9.1338432e+02 5.6931137e-23
9.1549059e+02 5.7044873e-23
9.1760172e+02 5.7158904e-23
9.1971771e+02 5.7273232e-23
9.2183859e+02 5.7387857e-23
9.2396436e+02 5.7502779e-23
9.2609503e+02 5.7618000e-23
9.2823061e+02 5.7733520e-23
9.3037112e+02 5.7849339e-23
9.3251656e+02 5.7965459e-23
9.3466695e+02 5.8081879e-23
9.3682230e+02 5.8198601e-23
9.3898262e+02 5.8315625e-23
9.4114792e+02 5.8432952e-23
9.4331821e+02 5.8550583e-23
9.4549351e+02 5.8668517e-23
9.4767383e+02 5.8786756e-23
9.4985917e+02 5.8905301e-23
9.5204955e+02 5.9024152e-23
9.5424499e+02 5.9143309e-23
9.5644548e+02 5.9262774e-23
9.5865105e+02 5.9382547e-23
9.6086171e+02 5.9502629e-23
9.6307746e+02 5.9623020e-23
9.6529833e+02 5.9743721e-23
9.6752431e+02 5.9864732e-23
9.6975543e+02 5.9986055e-23
9.7199169e+02 6.0107691e-23
9.7423312e+02 6.0229638e-23
9.7647970e+02 6.0351900e-23
9.7873147e+02 6.0474475e-23
9.8098844e+02 6.0597365e-23
9.8325060e+02 6.0720570e-23
9.8551799e+02 6.0844092e-23
9.8779060e+02 6.0967930e-23
9.9006845e+02 6.1092086e-23
9.9235156e+02 6.1216560e-23
9.9463993e+02 6.1341353e-23
9.9693357e+02 6.1466465e-23
9.9923251e+02 6.1591897e-23
1.0015367e+03 6.1717651e-23
1.0038463e+03 6.1843726e-23
1.0061612e+03 6.1970123e-23
1.0084814e+03 6.2096843e-23
1.0108070e+03 6.2223887e-23
1.0131379e+03 6.2351255e-23
1.0154742e+03 6.2478948e-23
1.0178159e+03 6.2606967e-23
1.0201630e+03 6.2735312e-23
1.0225155e+03 6.2863985e-23
1.0248734e+03 6.2992985e-23
1.0272368e+03 6.3122314e-23
1.0296056e+03 6.3251973e-23
1.0319799e+03 6.3381961e-23
1.0343596e+03 6.3512280e-23
1.0367449e+03 6.3642930e-23
1.0391356e+03 6.3773913e-23
1.0415319e+03 6.3905228e-23
1.0439336e+03 6.4036877e-23
1.0463410e+03 6.4168861e-23
1.0487538e+03 6.4301179e-23
1.0511723e+03 6.4433833e-23
1.0535963e+03 6.4566823e-23
1.0560259e+03 6.4700151e-23
1.0584611e+03 6.4833816e-23
1.0609019e+03 6.4967821e-23
1.0633483e+03 6.5102164e-23
1.0658004e+03 6.5236848e-23
1.0682582e+03 6.5371872e-23
1.0707216e+03 6.5507238e-23
1.0731907e+03 6.5642947e-23
1.0756655e+03 6.5778998e-23
1.0781460e+03 6.5915394e-23
1.0806322e+03 6.6052133e-23
1.0831241e+03 6.6189219e-23
1.0856218e+03 6.6326650e-23
1.0881253e+03 6.6464428e-23
1.0906345e+03 6.6602553e-23
1.0931495e+03 6.6741027e-23
1.0956703e+03 6.6879850e-23
1.0981969e+03 6.7019022e-23
1.1007294e+03 6.7158545e-23
1.1032677e+03 6.7298420e-23
1.1058118e+03 6.7438646e-23
1.1083618e+03 6.7579226e-23
1.1109177e+03 6.7720159e-23
1.1134795e+03 6.7861446e-23
1.1160472e+03 6.8003089e-23
1.1186208e+03 6.8145087e-23
1.1212004e+03 6.8287442e-23
1.1237859e+03 6.8430155e-23
1.1263773e+03 6.8573225e-23
1.1289747e+03 6.8716655e-23
1.1315782e+03 6.8860445e-23
1.1341876e+03 6.9004595e-23
1.1368030e+03 6.9149106e-23
1.1394245e+03 6.9293980e-23
1.1420520e+03 6.9439216e-23
1.1446856e+03 6.9584816e-23
1.1473253e+03 6.9730781e-23
1.1499710e+03 6.9877111e-23
1.1526229e+03 7.0023807e-23
1.1552808e+03 7.0170870e-23
1.1579449e+03 7.0318300e-23
1.1606151e+03 7.0466099e-23
1.1632915e+03 7.0614268e-23
1.1659741e+03 7.0762806e-23
1.1686628e+03 7.0911715e-23
1.1713578e+03 7.1060996e-23
1.1740589e+03 7.1210650e-23
1.1767663e+03 7.1360677e-23
1.1794800e+03 7.1511077e-23
1.1821998e+03 7.1661853e-23
1.1849260e+03 7.1813005e-23
1.1876585e+03 7.1964533e-23
1.1903972e+03 7.2116438e-23
1.1931423e+03 7.2268722e-23
1.1958937e+03 7.2421385e-23
1.1986514e+03 7.2574428e-23
1.2014155e+03 7.2727851e-23
1.2041860e+03 7.2881656e-23
1.2069628e+03 7.3035843e-23
1.2097461e+03 7.3190413e-23
1.2125358e+03 7.3345368e-23
1.2153319e+03 7.3500707e-23
1.2181345e+03 7.3656433e-23
1.2209435e+03 7.3812545e-23
1.2237590e+03 7.3969045e-23
1.2265810e+03 7.4125934e-23
1.2294095e+03 7.4283214e-23
1.2322445e+03 7.4440889e-23
1.2350861e+03 7.4598969e-23
1.2379342e+03 7.4757538e-23
1.2407889e+03 7.4956122e-23
1.2436502e+03 7.5075658e-23
1.2465180e+03 7.5235123e-23
1.2493925e+03 7.5395119e-23
1.2522736e+03 7.5555528e-23
1.2551614e+03 7.5716340e-23
1.2580558e+03 7.5877551e-23
1.2609569e+03 7.6039162e-23
1.2638646e+03 7.6201172e-23
1.2667791e+03 7.6363583e-23
1.2697003e+03 7.6526395e-23
1.2726283e+03 7.6689610e-23
1.2755630e+03 7.6853227e-23
1.2785044e+03 7.7017248e-23
1.2814527e+03 7.7181674e-23
1.2844077e+03 7.7346505e-23
1.2873696e+03 7.7511743e-23
1.2903382e+03 7.7677388e-23
1.2933138e+03 7.7843441e-23
1.2962962e+03 7.8009904e-23
1.2992854e+03 7.8176776e-23
1.3022816e+03 7.8344059e-23
1.3052847e+03 7.8511755e-23
1.3082947e+03 7.8679862e-23
1.3113116e+03 7.8848384e-23
1.3143355e+03 7.9017319e-23
1.3173664e+03 7.9186671e-23
1.3204042e+03 7.9356438e-23
1.3234491e+03 7.9526623e-23
1.3265010e+03 7.9697226e-23
1.3295599e+03 7.9868248e-23
1.3326259e+03 8.0039690e-23
1.3356989e+03 8.0211553e-23
1.3387790e+03 8.0383837e-23
1.3418663e+03 8.0556545e-23
1.3449606e+03 8.0729676e-23
1.3480621e+03 8.0903231e-23
1.3511708e+03 8.1077212e-23
1.3542866e+03 8.1251620e-23
1.3574096e+03 8.1426455e-23
1.3605398e+03 8.1601719e-23
1.3636772e+03 8.1777411e-23
1.3668218e+03 8.1953534e-23
1.3699737e+03 8.2130088e-23
1.3731329e+03 8.2307074e-23
1.3762993e+03 8.2484494e-23
1.3794731e+03 8.2662347e-23
1.3826542e+03 8.2840635e-23
1.3858426e+03 8.3019360e-23
1.3890384e+03 8.3198521e-23
1.3922415e+03 8.3378120e-23
1.3954520e+03 8.3558157e-23
1.3986699e+03 8.3738635e-23
1.4018953e+03 8.3919553e-23
1.4051281e+03 8.4100913e-23
1.4083683e+03 8.4282716e-23
1.4116160e+03 8.4464962e-23
1.4148712e+03 8.4647653e-23
1.4181339e+03 8.4830790e-23
1.4214041e+03 8.5014373e-23
1.4246819e+03 8.5198404e-23
1.4279672e+03 8.5382883e-23
1.4312601e+03 8.5567812e-23
1.4345606e+03 8.5753191e-23
1.4378687e+03 8.5939022e-23
1.4411845e+03 8.6125306e-23
1.4445079e+03 8.6312043e-23
1.4478389e+03 8.6499235e-23
1.4511776e+03 8.6686882e-23
1.4545241e+03 8.6874986e-23
1.4578782e+03 8.7063547e-23
1.4612401e+03 8.7252567e-23
1.4646097e+03 8.7442046e-23
1.4679871e+03 8.7631986e-23
1.4713723e+03 8.7822388e-23
1.4747653e+03 8.8013252e-23
1.4781661e+03 8.8204580e-23
1.4815748e+03 8.8396372e-23
1.4849913e+03 8.8588630e-23
1.4884157e+03 8.8781355e-23
1.4918480e+03 8.8974548e-23
1.4952882e+03 8.9168209e-23
1.4987364e+03 8.9362341e-23
1.5021925e+03 8.9556943e-23
1.5056565e+03 8.9752017e-23
1.5091286e+03 8.9947564e-23
1.5126086e+03 9.0143585e-23
1.5160967e+03 9.0340081e-23
1.5195929e+03 9.0537053e-23
1.5230970e+03 9.0734503e-23
1.5266093e+03 9.0932430e-23
1.5301297e+03 9.1130837e-23
1.5336582e+03 9.1329724e-23
1.5371948e+03 9.1529092e-23
1.5407396e+03 9.1728943e-23
1.5442926e+03 9.1929278e-23
1.5478537e+03 9.2130097e-23
1.5514231e+03 9.2331402e-23
1.5550007e+03 9.2533194e-23
1.5585865e+03 9.2735474e-23
1.5621806e+03 9.2938244e-23
1.5657830e+03 9.3141507e-23
1.5693937e+03 9.3345269e-23
1.5730128e+03 9.3549591e-23
1.5766401e+03 9.3757825e-23
1.5802759e+03 9.3959507e-23
1.5839200e+03 9.4165191e-23
1.5875725e+03 9.4371403e-23
1.5912335e+03 9.4578118e-23
1.5949029e+03 9.4785334e-23
1.5985807e+03 9.4993050e-23
1.6022671e+03 9.5201268e-23
1.6059619e+03 9.5409987e-23
1.6096653e+03 9.5619210e-23
1.6133772e+03 9.5828938e-23
1.6170976e+03 9.6039170e-23
1.6208267e+03 9.6249910e-23
1.6245643e+03 9.6461157e-23
1.6283106e+03 9.6672912e-23
1.6320655e+03 9.6885178e-23
1.6358290e+03 9.7097955e-23
1.6396013e+03 9.7311244e-23
1.6433822e+03 9.7525046e-23
1.6471719e+03 9.7739363e-23
1.6509702e+03 9.7954196e-23
1.6547774e+03 9.8169545e-23
1.6585933e+03 9.8385412e-23
1.6624181e+03 9.8601798e-23
1.6662516e+03 9.8818704e-23
1.6700940e+03 9.9036132e-23
1.6739452e+03 9.9254082e-23
1.6778054e+03 9.9472556e-23
1.6816744e+03 9.9691555e-23
1.6855524e+03 9.9911080e-23
1.6894393e+03 1.0013113e-22
1.6933351e+03 1.0035171e-22
1.6972400e+03 1.0057282e-22
1.7011538e+03 1.0079446e-22
1.7050767e+03 1.0101664e-22
1.7090086e+03 1.0123934e-22
1.7129496e+03 1.0146258e-22
1.7168997e+03 1.0168636e-22
1.7208588e+03 1.0191067e-22
1.7248272e+03 1.0213552e-22
1.7288046e+03 1.0236091e-22
1.7327913e+03 1.0258684e-22
1.7367871e+03 1.0281331e-22
1.7407921e+03 1.0304032e-22
1.7448064e+03 1.0326788e-22
1.7488300e+03 1.0349598e-22
1.7528628e+03 1.0372463e-22
1.7569049e+03 1.0395383e-22
1.7609563e+03 1.0418357e-22
1.7650171e+03 1.0441387e-22
1.7690872e+03 1.0464471e-22
1.7731668e+03 1.0487611e-22
1.7772557e+03 1.0510806e-22
1.7813541e+03 1.0534057e-22
1.7854619e+03 1.0557363e-22
1.7895792e+03 1.0580725e-22
1.7937060e+03 1.0604143e-22
1.7978423e+03 1.0627617e-22
1.8019881e+03 1.0651147e-22
1.8061435e+03 1.0674733e-22
1.8103085e+03 1.0698376e-22
1.8144831e+03 1.0722075e-22
1.8186673e+03 1.0745831e-22
1.8228611e+03 1.0769643e-22
1.8270647e+03 1.0793513e-22
1.8312779e+03 1.0817439e-22
1.8355008e+03 1.0841422e-22
1.8397335e+03 1.0865463e-22
1.8439759e+03 1.0889561e-22
1.8482282e+03 1.0913717e-22
1.8524902e+03 1.0937930e-22
1.8567621e+03 1.0962201e-22
1.8610438e+03 1.0986530e-22
1.8653353e+03 1.1010917e-22
1.8696368e+03 1.1035362e-22
1.8739482e+03 1.1059865e-22
1.8782696e+03 1.1084427e-22
1.8826009e+03 1.1109048e-22
1.8869422e+03 1.1133727e-22
1.8912935e+03 1.1158465e-22
1.8956548e+03 1.1183267e-22
1.9000262e+03 1.1208134e-22
1.9044077e+03 1.1233033e-22
1.9087992e+03 1.1258006e-22
1.9132009e+03 1.1283040e-22
1.9176128e+03 1.1308133e-22
1.9220348e+03 1.1333286e-22
1.9264671e+03 1.1358499e-22
1.9309095e+03 1.1383772e-22
1.9353622e+03 1.1409106e-22
1.9398252e+03 1.1434499e-22
1.9442984e+03 1.1459953e-22
1.9487820e+03 1.1485467e-22
1.9532759e+03 1.1511042e-22
1.9577802e+03 1.1536678e-22
1.9622948e+03 1.1562375e-22
1.9668199e+03 1.1588133e-22
1.9713554e+03 1.1613952e-22
1.9759013e+03 1.1639833e-22
1.9804578e+03 1.1665775e-22
1.9850247e+03 1.1691778e-22
1.9896022e+03 1.1717844e-22
1.9941903e+03 1.1743971e-22
1.9987889e+03 1.1770160e-22
2.0033981e+03 1.1796412e-22
2.0080179e+03 1.1822726e-22
2.0126484e+03 1.1849102e-22
2.0172896e+03 1.1875541e-22
2.0219415e+03 1.1902043e-22
2.0266041e+03 1.1928608e-22
2.0312775e+03 1.1955236e-22
2.0359616e+03 1.1981926e-22
2.0406566e+03 1.2008681e-22
2.0453623e+03 1.2035498e-22
2.0500790e+03 1.2062380e-22
2.0548065e+03 1.2089325e-22
2.0595449e+03 1.2116334e-22
2.0642942e+03 1.2143407e-22
2.0690545e+03 1.2170544e-22
2.0738257e+03 1.2197745e-22
2.0786080e+03 1.2225011e-22
2.0834013e+03 1.2252342e-22
2.0882056e+03 1.2279737e-22
2.0930210e+03 1.2307197e-22
2.0978475e+03 1.2334722e-22
2.1026852e+03 1.2362313e-22
2.1075340e+03 1.2389969e-22
2.1123940e+03 1.2417690e-22
2.1172652e+03 1.2445477e-22
2.1221476e+03 1.2473329e-22
2.1270413e+03 1.2501248e-22
2.1319463e+03 1.2529233e-22
2.1368626e+03 1.2557284e-22
2.1417902e+03 1.2585401e-22
2.1467292e+03 1.2613585e-22
2.1516796e+03 1.2641835e-22
2.1566413e+03 1.2670153e-22
2.1616146e+03 1.2698537e-22
2.1665993e+03 1.2726989e-22
2.1715955e+03 1.2755507e-22
2.1766032e+03 1.2784094e-22
2.1816224e+03 1.2812747e-22
2.1866533e+03 1.2841469e-22
2.1916957e+03 1.2870258e-22
2.1967498e+03 1.2899116e-22
2.2018155e+03 1.2928042e-22
2.2068929e+03 1.2957036e-22
2.2119820e+03 1.2986098e-22
2.2170829e+03 1.3015229e-22
2.2221955e+03 1.3044429e-22
2.2273199e+03 1.3073698e-22
2.2324561e+03 1.3103036e-22
2.2376042e+03 1.3132444e-22
2.2427641e+03 1.3161921e-22
2.2479359e+03 1.3191467e-22
2.2531197e+03 1.3221084e-22
2.2583154e+03 1.3250784e-22
2.2635231e+03 1.3280526e-22
2.2687428e+03 1.3310352e-22
2.2739745e+03 1.3340248e-22
2.2792183e+03 1.3370216e-22
2.2844742e+03 1.3400254e-22
2.2897422e+03 1.3430362e-22
2.2950224e+03 1.3460542e-22
2.3003147e+03 1.3490793e-22
2.3056193e+03 1.3521116e-22
2.3109361e+03 1.3551510e-22
2.3162651e+03 1.3581975e-22
2.3216064e+03 1.3612513e-22
2.3269601e+03 1.3643122e-22
2.3323261e+03 1.3673803e-22
2.3377044e+03 1.3704557e-22
2.3430952e+03 1.3735384e-22
2.3484984e+03 1.3766283e-22
2.3539140e+03 1.3797254e-22
2.3593422e+03 1.3828299e-22
2.3647828e+03 1.3859417e-22
2.3702360e+03 1.3890608e-22
2.3757018e+03 1.3921873e-22
2.3811802e+03 1.3953211e-22
2.3866712e+03 1.3984623e-22
2.3921749e+03 1.4016109e-22
2.3976913e+03 1.4047669e-22
2.4032204e+03 1.4079304e-22
2.4087622e+03 1.4111013e-22
2.4143168e+03 1.4142796e-22
2.4198843e+03 1.4174655e-22
2.4254646e+03 1.4206588e-22
2.4310577e+03 1.4238597e-22
2.4366637e+03 1.4270680e-22
2.4422827e+03 1.4302840e-22
2.4479146e+03 1.4335075e-22
2.4535595e+03 1.4367385e-22
2.4592175e+03 1.4399772e-22
2.4648884e+03 1.4432235e-22
2.4705725e+03 1.4464774e-22
2.4762696e+03 1.4497390e-22
2.4819799e+03 1.4530083e-22
2.4877034e+03 1.4562852e-22
2.4934401e+03 1.4595699e-22
2.4991900e+03 1.4628622e-22
2.5049531e+03 1.4661623e-22
2.5107295e+03 1.4694702e-22
2.5165193e+03 1.4727858e-22
2.5223224e+03 1.4761092e-22
2.5281389e+03 1.4794405e-22
2.5339688e+03 1.4827795e-22
2.5398122e+03 1.4861264e-22
2.5456690e+03 1.4894812e-22
2.5515393e+03 1.4928438e-22
2.5574232e+03 1.4962144e-22
2.5633206e+03 1.4995928e-22
2.5692317e+03 1.5029792e-22
2.5751563e+03 1.5063736e-22
2.5810947e+03 1.5097759e-22
2.5870467e+03 1.5131862e-22
2.5930124e+03 1.5166045e-22
2.5989920e+03 1.5200308e-22
2.6049852e+03 1.5234652e-22
2.6109924e+03 1.5269076e-22
2.6170133e+03 1.5303582e-22
2.6230482e+03 1.5338168e-22
2.6290970e+03 1.5372835e-22
2.6351597e+03 1.5407584e-22
2.6412364e+03 1.5442414e-22
2.6473271e+03 1.5477326e-22
2.6534318e+03 1.5512319e-22
2.6595507e+03 1.5547395e-22
2.6656836e+03 1.5582554e-22
2.6718307e+03 1.5617794e-22
2.6779920e+03 1.5653117e-22
2.6841674e+03 1.5688523e-22
2.6903571e+03 1.5724012e-22
2.6965611e+03 1.5759584e-22
2.7027794e+03 1.5795240e-22
2.7090121e+03 1.5830979e-22
2.7152591e+03 1.5866802e-22
2.7215205e+03 1.5902709e-22
2.7277963e+03 1.5938700e-22
2.7340866e+03 1.5974776e-22
2.7403915e+03 1.6010936e-22
2.7467108e+03 1.6047180e-22
2.7530448e+03 1.6083510e-22
2.7593933e+03 1.6119925e-22
2.7657565e+03 1.6156425e-22
2.7721343e+03 1.6193010e-22
2.7785269e+03 1.6229681e-22
2.7849342e+03 1.6266439e-22
2.7913563e+03 1.6303282e-22
2.7977932e+03 1.6340211e-22
2.8042449e+03 1.6377227e-22
2.8107115e+03 1.6414330e-22
2.8171930e+03 1.6451519e-22
2.8236895e+03 1.6488796e-22
2.8302010e+03 1.6526160e-22
2.8367274e+03 1.6563611e-22
2.8432689e+03 1.6601150e-22
2.8498255e+03 1.6638777e-22
2.8563972e+03 1.6676492e-22
2.8629841e+03 1.6714295e-22
2.8695862e+03 1.6752187e-22
2.8762035e+03 1.6790167e-22
2.8828360e+03 1.6828237e-22
2.8894839e+03 1.6866395e-22
2.8961470e+03 1.6904642e-22
2.9028256e+03 1.6942979e-22
2.9095195e+03 1.6981406e-22
2.9162289e+03 1.7019923e-22
2.9229537e+03 1.7058529e-22
2.9296941e+03 1.7097226e-22
2.9364500e+03 1.7136014e-22
2.9432215e+03 1.7174892e-22
2.9500085e+03 1.7213861e-22
2.9568113e+03 1.7252921e-22
2.9636297e+03 1.7292072e-22
2.9704639e+03 1.7331315e-22
2.9773138e+03 1.7370650e-22
2.9841795e+03 1.7410077e-22
2.9910610e+03 1.7449596e-22
2.9979584e+03 1.7489207e-22
3.0048718e+03 1.7528911e-22
3.0118010e+03 1.7568708e-22
3.0187463e+03 1.7608598e-22
3.0257075e+03 1.7648581e-22
3.0326848e+03 1.7688657e-22
3.0396782e+03 1.7728827e-22
3.0466877e+03 1.7769091e-22
3.0537134e+03 1.7809449e-22
3.0607553e+03 1.7849901e-22
3.0678134e+03 1.7890448e-22
3.0748878e+03 1.7931089e-22
3.0819785e+03 1.7971826e-22
3.0890856e+03 1.8012657e-22
3.0962091e+03 1.8053586e-22
3.1033489e+03 1.8094607e-22
3.1105053e+03 1.8135725e-22
3.1176781e+03 1.8176939e-22
3.1248675e+03 1.8218249e-22
3.1320735e+03 1.8259656e-22
3.1392961e+03 1.8301160e-22
3.1465353e+03 1.8342760e-22
3.1537913e+03 1.8384458e-22
3.1610639e+03 1.8426253e-22
3.1683534e+03 1.8468145e-22
3.1756596e+03 1.8510135e-22
3.1829827e+03 1.8552223e-22
3.1903227e+03 1.8594410e-22
3.1976796e+03 1.8636695e-22
3.2050535e+03 1.8679078e-22
3.2124443e+03 1.8721560e-22
3.2198523e+03 1.8764142e-22
3.2272773e+03 1.8806823e-22
3.2347194e+03 1.8849603e-22
3.2421787e+03 1.8892484e-22
3.2496552e+03 1.8935464e-22
3.2571489e+03 1.8978544e-22
3.2646599e+03 1.9021725e-22
3.2721882e+03 1.9065007e-22
3.2797339e+03 1.9108390e-22
3.2872970e+03 1.9151873e-22
3.2948776e+03 1.9195459e-22
3.3024756e+03 1.9239145e-22
3.3100911e+03 1.9282934e-22
3.3177242e+03 1.9326825e-22
3.3253749e+03 1.9370818e-22
3.3330432e+03 1.9414914e-22
3.3407293e+03 1.9459112e-22
3.3484330e+03 1.9503414e-22
3.3561545e+03 1.9547819e-22
3.3638938e+03 1.9592327e-22
3.3716510e+03 1.9636939e-22
3.3794261e+03 1.9681655e-22
3.3872190e+03 1.9726475e-22
3.3950300e+03 1.9771400e-22
3.4028590e+03 1.9816429e-22
3.4107060e+03 1.9861563e-22
3.4185711e+03 1.9906803e-22
3.4264543e+03 1.9952148e-22
3.4343558e+03 1.9997598e-22
3.4422754e+03 2.0043155e-22
3.4502133e+03 2.0088817e-22
3.4581695e+03 2.0134586e-22
3.4661441e+03 2.0180462e-22
3.4741371e+03 2.0226444e-22
3.4821485e+03 2.0272534e-22
3.4901783e+03 2.0318730e-22
3.4982267e+03 2.0365035e-22
3.5062936e+03 2.0411447e-22
3.5143792e+03 2.0457967e-22
3.5224834e+03 2.0504596e-22
3.5306062e+03 2.0551333e-22
3.5387478e+03 2.0598180e-22
3.5469082e+03 2.0645135e-22
3.5550874e+03 2.0692199e-22
3.5632855e+03 2.0739373e-22
3.5715024e+03 2.0786657e-22
3.5797383e+03 2.0834051e-22
3.5879932e+03 2.0881555e-22
3.5962672e+03 2.0929170e-22
3.6045602e+03 2.0976896e-22
3.6128724e+03 2.1024733e-22
3.6212037e+03 2.1072681e-22
3.6295542e+03 2.1120741e-22
3.6379240e+03 2.1168912e-22
3.6463130e+03 2.1217196e-22
3.6547215e+03 2.1265592e-22
3.6631493e+03 2.1314101e-22
3.6715965e+03 2.1362722e-22
3.6800633e+03 2.1411457e-22
3.6885495e+03 2.1460305e-22
3.6970553e+03 2.1509267e-22
3.7055808e+03 2.1558343e-22
3.7141259e+03 2.1607532e-22
3.7226907e+03 2.1656837e-22
3.7312752e+03 2.1706256e-22
3.7398796e+03 2.1755790e-22
3.7485038e+03 2.1805439e-22
3.7571479e+03 2.1855204e-22
3.7658119e+03 2.1905085e-22
3.7744959e+03 2.1955081e-22
3.7831999e+03 2.2005194e-22
3.7919240e+03 2.2055423e-22
3.8006682e+03 2.2105770e-22
3.8094325e+03 2.2156233e-22
3.8182171e+03 2.2206814e-22
3.8270220e+03 2.2257512e-22
3.8358471e+03 2.2308328e-22
3.8446926e+03 2.2359263e-22
3.8535585e+03 2.2410315e-22
3.8624448e+03 2.2461487e-22
3.8713516e+03 2.2512777e-22
3.8802790e+03 2.2564187e-22
3.8892270e+03 2.2615716e-22
3.8981955e+03 2.2667365e-22
3.9071848e+03 2.2719134e-22
3.9161948e+03 2.2771023e-22
3.9252256e+03 2.2823033e-22
3.9342772e+03 2.2875164e-22
3.9433497e+03 2.2927416e-22
3.9524431e+03 2.2979789e-22
3.9615574e+03 2.3032284e-22
3.9706928e+03 2.3084902e-22
3.9798493e+03 2.3137647e-22
3.9890268e+03 2.3190503e-22
3.9982255e+03 2.3243488e-22
4.0074455e+03 2.3296596e-22
4.0166867e+03 2.3349827e-22
4.0259492e+03 2.3403182e-22
4.0352331e+03 2.3456661e-22
4.0445383e+03 2.3510264e-22
4.0538651e+03 2.3563992e-22
4.0632133e+03 2.3617844e-22
4.0725831e+03 2.3671822e-22
4.0819745e+03 2.3725925e-22
4.0913876e+03 2.3780153e-22
4.1008224e+03 2.3834508e-22
4.1102789e+03 2.3888989e-22
4.1197572e+03 2.3943596e-22
4.1292574e+03 2.3998331e-22
4.1387795e+03 2.4053192e-22
4.1483236e+03 2.4108181e-22
4.1578896e+03 2.4163297e-22
4.1674778e+03 2.4218542e-22
4.1770880e+03 2.4273915e-22
4.1867204e+03 2.4329416e-22
4.1963750e+03 2.4385046e-22
4.2060519e+03 2.4440806e-22
4.2157511e+03 2.4496695e-22
4.2254726e+03 2.4552713e-22
4.2352166e+03 2.4608862e-22
4.2449830e+03 2.4665141e-22
4.2547720e+03 2.4721551e-22
4.2645835e+03 2.4778091e-22
4.2744177e+03 2.4834763e-22
4.2842745e+03 2.4891567e-22
4.2941541e+03 2.4948502e-22
4.3040565e+03 2.5005570e-22
4.3139816e+03 2.5062770e-22
4.3239297e+03 2.5120102e-22
4.3339007e+03 2.5177568e-22
4.3438947e+03 2.5235167e-22
4.3539118e+03 2.5292900e-22
4.3639519e+03 2.5350767e-22
4.3740153e+03 2.5408768e-22
4.3841018e+03 2.5466904e-22
4.3942115e+03 2.5525175e-22
4.4043446e+03 2.5583581e-22
4.4145011e+03 2.5642122e-22
4.4246810e+03 2.5700799e-22
4.4348843e+03 2.5759613e-22
4.4451112e+03 2.5818563e-22
4.4553616e+03 2.5877649e-22
4.4656357e+03 2.5936873e-22
4.4759335e+03 2.5996234e-22
4.4862551e+03 2.6055733e-22
4.4966004e+03 2.6115370e-22
4.5069696e+03 2.6175146e-22
4.5173627e+03 2.6235059e-22
4.5277798e+03 2.6295112e-22
4.5382209e+03 2.6355305e-22
4.5486860e+03 2.6415637e-22
4.5591753e+03 2.6476108e-22
4.5696888e+03 2.6536720e-22
4.5802266e+03 2.6597473e-22
4.5907886e+03 2.6658367e-22
4.6013750e+03 2.6719402e-22
4.6119858e+03 2.6780578e-22
4.6226211e+03 2.6841896e-22
4.6332809e+03 2.6903357e-22
4.6439653e+03 2.6964960e-22
4.6546743e+03 2.7026706e-22
4.6654080e+03 2.7088595e-22
4.6761665e+03 2.7150627e-22
4.6869497e+03 2.7212804e-22
4.6977579e+03 2.7275124e-22
4.7085910e+03 2.7337589e-22
4.7194490e+03 2.7400199e-22
4.7303321e+03 2.7462954e-22
4.7412403e+03 2.7525855e-22
4.7521736e+03 2.7588901e-22
4.7631321e+03 2.7652094e-22
4.7741160e+03 2.7715433e-22
4.7851251e+03 2.7778920e-22
4.7961597e+03 2.7842552e-22
4.8072196e+03 2.7906333e-22
4.8183051e+03 2.7970261e-22
4.8294162e+03 2.8034338e-22
4.8405528e+03 2.8098563e-22
4.8517152e+03 2.8162938e-22
4.8629033e+03 2.8227461e-22
4.8741172e+03 2.8292134e-22
4.8853569e+03 2.8356957e-22
4.8966226e+03 2.8421930e-22
4.9079142e+03 2.8487053e-22
4.9192319e+03 2.8552328e-22
4.9305757e+03 2.8617754e-22
4.9419457e+03 2.8683331e-22
4.9533418e+03 2.8749061e-22
4.9647643e+03 2.8814943e-22
4.9762131e+03 2.8880977e-22
4.9876882e+03 2.8947165e-22
4.9991899e+03 2.9013506e-22
5.0107181e+03 2.9080000e-22
5.0222728e+03 2.9146649e-22
5.0338542e+03 2.9213452e-22
5.0454623e+03 2.9280410e-22
5.0570972e+03 2.9347523e-22
5.0687589e+03 2.9414792e-22
5.0804475e+03 2.9482216e-22
5.0921630e+03 2.9549797e-22
5.1039056e+03 2.9617534e-22
5.1156753e+03 2.9685428e-22
5.1274720e+03 2.9753480e-22
5.1392960e+03 2.9821689e-22
5.1511473e+03 2.9890056e-22
5.1630259e+03 2.9958581e-22
5.1749319e+03 3.0027266e-22
5.1868653e+03 3.0096109e-22
5.1988262e+03 3.0165112e-22
5.2108148e+03 3.0234275e-22
5.2228309e+03 3.0303598e-22
5.2348748e+03 3.0373081e-22
5.2469465e+03 3.0442725e-22
5.2590460e+03 3.0512531e-22
5.2711734e+03 3.0582499e-22
5.2833288e+03 3.0652628e-22
5.2955122e+03 3.0722920e-22
5.3077236e+03 3.0793375e-22
5.3199633e+03 3.0863993e-22
5.3322312e+03 3.0934774e-22
5.3445273e+03 3.1005719e-22
5.3568519e+03 3.1076829e-22
5.3692048e+03 3.1148103e-22
5.3815862e+03 3.1219543e-22
5.3939962e+03 3.1291148e-22
5.4064348e+03 3.1362918e-22
5.4189021e+03 3.1434855e-22
5.4313981e+03 3.1506958e-22
5.4439230e+03 3.1579229e-22
5.4564767e+03 3.1651667e-22
5.4690594e+03 3.1724272e-22
5.4816711e+03 3.1797046e-22
5.4943118e+03 3.1869988e-22
5.5069818e+03 3.1943099e-22
5.5196809e+03 3.2016379e-22
5.5324093e+03 3.2089829e-22
5.5451671e+03 3.2163449e-22
5.5579543e+03 3.2237239e-22
5.5707710e+03 3.2311200e-22
5.5836172e+03 3.2385333e-22
5.5964931e+03 3.2459637e-22
5.6093986e+03 3.2534113e-22
5.6223340e+03 3.2608761e-22
5.6352991e+03 3.2683582e-22
5.6482942e+03 3.2758577e-22
5.6613192e+03 3.2833745e-22
5.6743742e+03 3.2909087e-22
5.6874594e+03 3.2984604e-22
5.7005747e+03 3.3060295e-22
5.7137202e+03 3.3136161e-22
5.7268961e+03 3.3212204e-22
5.7401024e+03 3.3288422e-22
5.7533391e+03 3.3364816e-22
5.7666064e+03 3.3441387e-22
5.7799042e+03 3.3518136e-22
5.7932327e+03 3.3595062e-22
5.8065919e+03 3.3672166e-22
5.8199820e+03 3.3749449e-22
5.8334029e+03 3.3826911e-22
5.8468548e+03 3.3904552e-22
5.8603377e+03 3.3982372e-22
5.8738517e+03 3.4060373e-22
5.8873968e+03 3.4138554e-22
5.9009732e+03 3.4216916e-22
5.9145809e+03 3.4295459e-22
5.9282199e+03 3.4374184e-22
5.9418905e+03 3.4453091e-22
5.9555925e+03 3.4532181e-22
5.9693262e+03 3.4611454e-22
5.9830915e+03 3.4690910e-22
5.9968885e+03 3.4770551e-22
6.0107174e+03 3.4850375e-22
6.0245781e+03 3.4930384e-22
6.0384709e+03 3.5010578e-22
6.0523956e+03 3.5090958e-22
6.0663525e+03 3.5171524e-22
6.0803416e+03 3.5252276e-22
6.0943629e+03 3.5333215e-22
6.1084165e+03 3.5414342e-22
6.1225026e+03 3.5495656e-22
6.1366211e+03 3.5577158e-22
6.1507722e+03 3.5658848e-22
6.1649559e+03 3.5740728e-22
6.1791724e+03 3.5822797e-22
6.1934216e+03 3.5905056e-22
6.2077037e+03 3.5987505e-22
6.2220187e+03 3.6070145e-22
6.2363667e+03 3.6152976e-22
6.2507478e+03 3.6235999e-22
6.2651621e+03 3.6319221e-22
6.2796096e+03 3.6402621e-22
6.2940904e+03 3.6486221e-22
6.3086046e+03 3.6570015e-22
6.3231523e+03 3.6654002e-22
6.3377336e+03 3.6738184e-22
6.3523484e+03 3.6822560e-22
6.3669970e+03 3.6907132e-22
6.3816793e+03 3.6991899e-22
6.3963955e+03 3.7076862e-22
6.4111457e+03 3.7162022e-22
6.4259298e+03 3.7247379e-22
6.4407481e+03 3.7332933e-22
6.4556005e+03 3.7418685e-22
6.4704871e+03 3.7504635e-22
6.4854081e+03 3.7590784e-22
6.5003635e+03 3.7677133e-22
6.5153534e+03 3.7763681e-22
6.5303779e+03 3.7850429e-22
6.5454370e+03 3.7937378e-22
6.5605308e+03 3.8024528e-22
6.5756594e+03 3.8111879e-22
6.5908230e+03 3.8199433e-22
6.6060215e+03 3.8287188e-22
6.6212550e+03 3.8375147e-22
6.6365237e+03 3.8463310e-22
6.6518275e+03 3.8551676e-22
6.6671667e+03 3.8640246e-22
6.6825412e+03 3.8729021e-22
6.6979512e+03 3.8818002e-22
6.7133968e+03 3.8907188e-22
6.7288779e+03 3.8996581e-22
6.7443947e+03 3.9086180e-22
6.7599474e+03 3.9175986e-22
6.7755359e+03 3.9266000e-22
6.7911603e+03 3.9356222e-22
6.8068208e+03 3.9446653e-22
6.8225173e+03 3.9537293e-22
6.8382501e+03 3.9628142e-22
6.8540192e+03 3.9719202e-22
6.8698246e+03 3.9810472e-22
6.8856665e+03 3.9901953e-22
6.9015449e+03 3.9993645e-22
6.9174599e+03 4.0085550e-22
6.9334116e+03 4.0177667e-22
6.9494001e+03 4.0269997e-22
6.9654255e+03 4.0362540e-22
6.9814878e+03 4.0455297e-22
6.9975872e+03 4.0548269e-22
7.0137236e+03 4.0641456e-22
7.0298973e+03 4.0734858e-22
7.0461083e+03 4.0828476e-22
7.0623567e+03 4.0922311e-22
7.0786426e+03 4.1016362e-22
7.0949660e+03 4.1110631e-22
7.1113270e+03 4.1205117e-22
7.1277258e+03 4.1299822e-22
7.1441624e+03 4.1394747e-22
7.1606369e+03 4.1489890e-22
7.1771494e+03 4.1585253e-22
7.1936999e+03 4.1680837e-22
7.2102886e+03 4.1776642e-22
7.2269156e+03 4.1872668e-22
7.2435809e+03 4.1968916e-22
7.2602847e+03 4.2065387e-22
7.2770270e+03 4.2162080e-22
7.2938079e+03 4.2258998e-22
7.3106274e+03 4.2356139e-22
7.3274858e+03 4.2453504e-22
7.3443830e+03 4.2551095e-22
7.3613192e+03 4.2648911e-22
7.3782945e+03 4.2746953e-22
7.3953089e+03 4.2845222e-22
7.4123625e+03 4.2943718e-22
7.4294555e+03 4.3042442e-22
7.4465879e+03 4.3141394e-22
7.4637598e+03 4.3240574e-22
7.4809713e+03 4.3339984e-22
7.4982224e+03 4.3439623e-22
7.5155134e+03 4.3539493e-22
7.5328442e+03 4.3639594e-22
7.5502150e+03 4.3739925e-22
7.5676259e+03 4.3840489e-22
7.5850769e+03 4.3941285e-22
7.6025681e+03 4.4042314e-22
7.6200997e+03 4.4143577e-22
7.6376717e+03 4.4245073e-22
7.6552842e+03 4.4346804e-22
7.6729374e+03 4.4448771e-22
7.6906312e+03 4.4550972e-22
7.7083659e+03 4.4653410e-22
7.7261414e+03 4.4756085e-22
7.7439580e+03 4.4858997e-22
7.7618156e+03 4.4962146e-22
7.7797144e+03 4.5065535e-22
7.7976545e+03 4.5169161e-22
7.8156359e+03 4.5273028e-22
7.8336589e+03 4.5377134e-22
7.8517233e+03 4.5481481e-22
7.8698295e+03 4.5586069e-22
7.8879774e+03 4.5690899e-22
7.9061671e+03 4.5795971e-22
7.9243988e+03 4.5901285e-22
7.9426725e+03 4.6006843e-22
7.9609884e+03 4.6112645e-22
7.9793465e+03 4.6218692e-22
7.9977469e+03 4.6324983e-22
8.0161898e+03 4.6431520e-22
8.0346752e+03 4.6538303e-22
8.0532032e+03 4.6645335e-22
8.0717739e+03 4.6752610e-22
8.0903875e+03 4.6860135e-22
8.1090440e+03 4.6967908e-22
8.1277435e+03 4.7075931e-22
8.1464861e+03 4.7184203e-22
8.1652720e+03 4.7292725e-22
8.1841012e+03 4.7401497e-22
8.2029738e+03 4.7510521e-22
8.2218899e+03 4.7619797e-22
8.2408496e+03 4.7729326e-22
8.2598531e+03 4.7839107e-22
8.2789004e+03 4.7949142e-22
8.2979916e+03 4.8059431e-22
8.3171268e+03 4.8169975e-22
8.3363062e+03 4.8280774e-22
8.3555298e+03 4.8391830e-22
8.3747977e+03 4.8503142e-22
8.3941100e+03 4.8614711e-22
8.4134669e+03 4.8726537e-22
8.4328684e+03 4.8838622e-22
8.4523147e+03 4.8950966e-22
8.4718058e+03 4.9063570e-22
8.4913419e+03 4.9176433e-22
8.5109230e+03 4.9289557e-22
8.5305492e+03 4.9402943e-22
8.5502207e+03 4.9516590e-22
8.5699376e+03 4.9630500e-22
8.5896999e+03 4.9744674e-22
8.6095078e+03 4.9859110e-22
8.6293614e+03 4.9973812e-22
8.6492608e+03 5.0088778e-22
8.6692061e+03 5.0204009e-22
8.6891973e+03 5.0319507e-22
8.7092347e+03 5.0435272e-22
8.7293182e+03 5.0551304e-22
8.7494481e+03 5.0667604e-22
8.7696244e+03 5.0784172e-22
8.7898472e+03 5.0901010e-22
8.8101167e+03 5.1018118e-22
8.8304329e+03 5.1135496e-22
8.8507959e+03 5.1253145e-22
8.8712059e+03 5.1371066e-22
8.8916630e+03 5.1489259e-22
8.9121672e+03 5.1607726e-22
8.9327188e+03 5.1726465e-22
8.9533177e+03 5.1845480e-22
8.9739641e+03 5.1964769e-22
8.9946581e+03 5.2084333e-22
9.0153999e+03 5.2204174e-22
9.0361895e+03 5.2324291e-22
9.0570270e+03 5.2444686e-22
9.0779126e+03 5.2565359e-22
9.0988463e+03 5.2686310e-22
9.1198283e+03 5.2807541e-22
9.1408587e+03 5.2929052e-22
9.1619376e+03 5.3050844e-22
9.1830651e+03 5.3172916e-22
9.2042413e+03 5.3295271e-22
9.2254664e+03 5.3417908e-22
9.2467404e+03 5.3540829e-22
9.2680634e+03 5.3664033e-22
9.2894356e+03 5.3787522e-22
9.3108571e+03 5.3911296e-22
9.3323280e+03 5.4035355e-22
9.3538485e+03 5.4159702e-22
9.3754185e+03 5.4284335e-22
9.3970383e+03 5.4409256e-22
9.4187079e+03 5.4534466e-22
9.4404276e+03 5.4659965e-22
9.4621973e+03 5.4785753e-22
9.4840172e+03 5.4911833e-22
9.5058874e+03 5.5038203e-22
9.5278080e+03 5.5164865e-22
9.5497792e+03 5.5291819e-22
9.5718011e+03 5.5419067e-22
9.5938737e+03 5.5546608e-22
9.6159973e+03 5.5674444e-22
9.6381718e+03 5.5802576e-22
9.6603975e+03 5.5931003e-22
9.6826745e+03 5.6059726e-22
9.7050028e+03 5.6188747e-22
9.7273826e+03 5.6318066e-22
9.7498140e+03 5.6447683e-22
9.7722972e+03 5.6577600e-22
9.7948322e+03 5.6707816e-22
9.8174191e+03 5.6838334e-22
9.8400582e+03 5.6969152e-22
9.8627494e+03 5.7100273e-22
9.8854930e+03 5.7231696e-22
9.9082890e+03 5.7363423e-22
9.9311376e+03 5.7495454e-22
9.9540389e+03 5.7627790e-22
9.9769930e+03 5.7760431e-22
1.0000000e+04 5.7893379e-22
